-0.0688507 0.3854369 -0.1724622 -0.3927941 -0.1396018 0.09222294
-0.0802097 0.3787964 -0.1542581 -0.4110162 -0.1022948 0.1026612
-0.07228191 0.3799389 -0.1683426 -0.3969002 -0.1182362 0.1183657
-0.08068889 0.3683086 -0.1811737 -0.3251493 -0.0894326 0.08245621
-0.07004371 0.3718668 -0.1833897 -0.3696579 -0.1196364 0.08941754
-0.06404066 0.3394602 -0.1716965 -0.3646234 -0.1376319 0.06697652
-0.0699681 0.3761707 -0.1982472 -0.3008346 -0.1247784 0.05549649
-0.07670952 0.3766352 -0.1739617 -0.2779219 -0.1282713 0.05006607
-0.08596369 0.4247015 -0.2163487 -0.3598652 -0.09613533 0.07811309
-0.09395189 0.4409432 -0.2295377 -0.3546112 -0.06654295 0.07256997
-0.08717062 0.4460844 -0.2072254 -0.3834333 -0.06686451 0.07434876
-0.07672632 0.4355675 -0.2054428 -0.3781401 -0.09285994 0.08251907
-0.0720809 0.389291 -0.1611793 -0.3633442 -0.1088159 0.1182449
-0.05359033 0.3672788 -0.1577078 -0.38948 -0.07339901 0.1461658
-0.05690628 0.375592 -0.1767196 -0.3295354 -0.1332082 0.1272105
-0.0575208 0.3212825 -0.15398 -0.3744943 -0.08686365 0.1136412
-0.08313852 0.3686739 -0.1666393 -0.3773696 -0.102652 0.1021997
-0.08277385 0.361369 -0.1684797 -0.380779 -0.07702544 0.109426
-0.08277385 0.361369 -0.1684797 -0.380779 -0.07702544 0.109426
-0.06998911 0.3847921 -0.1616098 -0.3981604 -0.06954987 0.081138
-0.06382497 0.4127994 -0.1920169 -0.382776 -0.09306157 0.09858822
-0.06819709 0.4157298 -0.2088197 -0.3511908 -0.09266116 0.08570699
-0.04732056 0.3748494 -0.1596896 -0.2579508 -0.09988937 0.1038759
-0.05776902 0.311063 -0.1387447 -0.2480987 -0.1130664 0.1325914
-0.09093892 0.3794739 -0.2211235 -0.1962289 -0.07530456 0.06834954
-0.1074708 0.4436033 -0.245098 -0.2079236 -0.04928468 0.04482159
-0.07847407 0.4123763 -0.2185029 -0.2318908 -0.03506079 0.04561751
-0.07551092 0.3762941 -0.1972116 -0.259889 -0.05022673 0.02890567
-0.08871577 0.3678978 -0.2159233 -0.3875794 -0.0004067551 0.06936355
-0.09306157 0.3652622 -0.2114051 -0.3697935 -0.06515767 0.04481104
-0.09665393 0.3674397 -0.2139065 -0.3781568 -0.04112729 0.05619625
-0.09665393 0.3674397 -0.2139065 -0.3781568 -0.04112729 0.05619625
-0.06641975 0.3786007 -0.1808618 -0.352215 -0.0522738 0.06768716
-0.06164062 0.3665518 -0.1850074 -0.3443966 -0.03801282 0.06577521
-0.02085784 0.3326351 -0.1536514 -0.2672615 -0.09869662 0.06174741
-0.07101659 0.251953 -0.1029504 -0.3157247 -0.08665121 0.09641936
-0.02709574 0.2170248 -0.07075099 -0.311283 -0.06221688 0.1232031
-0.02709574 0.2170248 -0.07075099 -0.311283 -0.06221688 0.1232031
0.03298356 0.234266 -0.02134024 0.01421979 0.02445683 -0.02202585
0.02478852 0.1756437 0.02195053 -0.2341556 -0.04050525 -0.01763357
0.03266373 0.1309263 -0.009212781 -0.220743 -0.03836142 0.0001468254
0.03199599 0.1277281 -0.01898229 -0.240401 -0.05105059 -0.02851181
0.03041911 0.1313197 0.0365793 -0.2671547 -0.04923962 -0.01341357
0.03072666 0.1216312 0.04063083 -0.2419759 -0.02537636 -1.925416E-05
0.03072666 0.1216312 0.04063083 -0.2419759 -0.02537636 -1.925416E-05
0.03072666 0.1216312 0.04063083 -0.2419759 -0.02537636 -1.925416E-05
0.04140925 0.139447 -0.06152349 -0.2170268 -0.01780523 0.006155222
0.01793134 0.1649182 -0.04111964 -0.2728497 -0.007063954 -0.01726909
0.02873822 0.1523408 0.02672644 -0.2958833 -0.04528604 -0.01818452
0.04018274 0.1490494 0.01927498 -0.2579288 -0.0536415 -0.04088596
0.03837103 0.1339398 -0.002125891 -0.2640776 -0.03615708 -0.02546518
0.03837103 0.1339398 -0.002125891 -0.2640776 -0.03615708 -0.02546518
0.03837103 0.1339398 -0.002125891 -0.2640776 -0.03615708 -0.02546518
0.04142474 0.151407 0.008142468 -0.1952917 -0.033317 -0.01495521
0.03381523 0.1372903 0.0286792 -0.1960966 -0.04782967 0.01700065
0.03371003 0.133977 0.03070605 -0.2218027 -0.05046818 0.003796594
0.03371003 0.133977 0.03070605 -0.2218027 -0.05046818 0.003796594
0.04873081 0.1207953 0.06834276 -0.342857 -0.08107868 -0.009217633
0.03641696 0.09596199 0.04475725 -0.2527038 -0.03071006 -0.005694779
0.02282489 0.1080862 -0.001880327 -0.2599202 -0.03708574 -0.02004401
0.02282489 0.1080862 -0.001880327 -0.2599202 -0.03708574 -0.02004401
0.03553718 0.1158005 -0.01800073 -0.1988972 -0.02777605 -0.02837115
0.05700507 0.1341358 0.03514243 -0.1960866 -0.01537376 0.04141078
0.006679028 0.1048953 0.01745996 -0.2239183 -0.04276279 -0.004030532
0.03670848 0.1264392 0.006516037 -0.1876139 -0.02428973 -0.004261521
0.02978593 0.1501984 -0.02678179 -0.1060439 -0.04345234 0.01012558
0.0495922 0.110758 0.04816154 -0.1647647 -0.01851215 0.02537389
0.03891524 0.159147 -0.00739163 -0.182532 0.005964361 0.01815722
0.04238703 0.1377458 0.002239273 -0.2037718 -0.02705966 0.04442095
0.03050778 0.1456237 0.02284696 -0.2081224 -0.01250024 0.06009603
0.02157663 0.169046 0.01738426 -0.2005123 -0.03594869 0.03199008
0.03134822 0.1855171 -0.007068704 -0.1363731 -0.01233506 0.004645899
0.01447499 0.188719 -0.01928163 -0.1700554 -0.01331627 -0.03206838
0.01796246 0.1939423 -0.01348784 -0.1515046 -0.01155066 -0.0004618987
0.01326007 0.1920549 -0.000312238 -0.132531 -0.01580259 -0.01083992
0.01023914 0.1782518 0.007075524 -0.1728268 -0.02383164 -0.01422727
0.02728592 0.150327 0.04002933 -0.219071 -0.0297563 0.007154945
0.02728592 0.150327 0.04002933 -0.219071 -0.0297563 0.007154945
0.02728592 0.150327 0.04002933 -0.219071 -0.0297563 0.007154945
0.02675132 0.1327617 0.006788523 -0.200225 -0.02693173 -0.001457284
0.02057061 0.1325914 0.0249788 -0.1176077 -0.0545253 -0.0035529
0.04551221 0.1658497 -0.04121163 -0.1001191 0.01225902 0.05467211
0.05018573 0.1482859 -0.02157892 -0.09078568 -0.006593109 -0.005674279
0.04819301 0.1307948 -0.03383653 -0.1004755 -0.03930052 -0.002630889
0.05043766 0.1463248 -0.03214882 -0.1339445 0.01717601 0.008160166
0.05357142 0.1406774 -0.07897094 -0.01029999 -0.007405608 -0.008723433
0.032492 0.1498535 -0.07191817 -0.02214517 -0.01362814 0.002526328
0.032492 0.1498535 -0.07191817 -0.02214517 -0.01362814 0.002526328
0.03612724 0.1514616 -0.04142026 -0.08697288 0.006719071 0.02073939
0.02250539 0.2102543 -0.04766934 -0.1208599 0.003792653 0.01392221
0.03293571 0.1976739 -0.04638844 -0.101724 0.0175196 0.01762675
0.02650167 0.173236 0.01084381 -0.1257443 -0.04728847 -0.0001287074
0.02650167 0.173236 0.01084381 -0.1257443 -0.04728847 -0.0001287074
-0.01533337 0.2974868 -0.08662201 -0.1669461 0.01033953 -0.0635258
-0.03338687 0.362072 -0.1271682 -0.2034287 0.1040427 -0.05837692
-0.02763443 0.3983049 -0.1129889 -0.1532801 0.07987595 -0.06738378
-0.02763443 0.3983049 -0.1129889 -0.1532801 0.07987595 -0.06738378
-0.02101747 0.386238 -0.09862447 -0.1476433 0.05060227 -0.0005469779
0.006697166 0.3130918 -0.08414911 -0.152098 0.01209912 -0.02682921
0.009643354 0.2985799 -0.04702972 -0.1728956 0.01506429 -0.02923276
0.008704082 0.2007814 -0.001455946 -0.1074294 -0.008597512 -0.006604169
0.0002280005 0.1945744 -0.04607868 -0.10658 -0.04628544 -0.03260296
0.002989239 0.1863893 -0.04341409 -0.1320346 -0.03968156 -0.01606443
0.03984266 0.1957534 -0.09136181 -0.04057567 0.00728004 -0.02424247
0.01732313 0.1968712 -0.07174036 -0.09353819 0.01690008 -0.03556665
0.007542111 0.2416772 -0.08491057 -0.1291252 0.04856857 -0.05152857
0.009790679 0.2275481 -0.09898247 -0.1125956 0.0364507 -0.05195967
0.02444199 0.2340214 -0.040198 -0.101941 0.03101912 -0.01411325
0.0003343616 0.2288836 -0.09662937 -0.0846943 0.03494596 -0.02914595
0.01089951 0.2251083 -0.01791456 -0.1870422 0.007061735 0.0002214671
0.0206892 0.2381565 -0.05835591 -0.1280301 0.007304291 -0.04925733
0.01832161 0.2345123 -0.03332941 -0.1228246 -0.0009829189 -0.02037237
0.0143524 0.2185646 -0.0342224 -0.1480541 -0.02858254 -0.01557858
0.03721887 0.2382483 -0.04374305 -0.1622491 -0.003364323 -0.02552541
0.01987112 0.2255275 0.01007432 -0.1839167 -0.0003648829 -0.03733824
0.02339301 0.2715449 -0.04761643 -0.195916 0.04056206 -0.05831258
0.008274203 0.3149934 -0.1043336 -0.1035236 0.1028633 -0.0429481
0.007387265 0.2779222 -0.06351775 -0.08877822 0.08134112 -0.02535276
-0.000523854 0.2711502 -0.0654367 -0.07694114 0.08948903 -0.05662705
0.02376162 0.3164487 -0.07870299 -0.05158702 0.1042493 -0.05733982
0.01951576 0.3163277 -0.09374823 -0.0438538 0.09842126 -0.02696318
0.02803219 0.2607926 -0.04113865 -0.08452926 0.04277668 -0.03672208
0.02803219 0.2607926 -0.04113865 -0.08452926 0.04277668 -0.03672208
0.01904728 0.2510075 -0.0461925 -0.08620001 0.07004562 -0.008011471
0.02128192 0.24179 -0.07122044 -0.08719291 0.06262425 -0.02581344
0.02128192 0.24179 -0.07122044 -0.08719291 0.06262425 -0.02581344
0.02128192 0.24179 -0.07122044 -0.08719291 0.06262425 -0.02581344
0.02128192 0.24179 -0.07122044 -0.08719291 0.06262425 -0.02581344
0.02128192 0.24179 -0.07122044 -0.08719291 0.06262425 -0.02581344
0.02128192 0.24179 -0.07122044 -0.08719291 0.06262425 -0.02581344
0.07643916 0.1997854 0.06074998 -0.1302523 -0.02721796 -0.05473765
-0.01564073 0.1875104 -0.03862889 -0.2429457 0.02627881 -0.04396839
-0.01564073 0.1875104 -0.03862889 -0.2429457 0.02627881 -0.04396839
0.02142403 0.1963457 -0.007628262 -0.1722293 -0.01464864 -0.06701737
0.04411675 0.1491385 -0.0008435249 -0.1495784 -0.004437982 -0.04218087
0.05652527 0.1290189 0.03642796 -0.121177 0.002073156 0.01343442
0.06280879 0.1085386 0.03836745 -0.09557264 0.009026607 -0.01651498
0.05781966 0.1039965 0.04743971 -0.1063524 -0.0127172 -0.01300949
0.05286326 0.104289 0.01280519 -0.1447826 0.05200102 0.05667717
0.05286326 0.104289 0.01280519 -0.1447826 0.05200102 0.05667717
0.05286326 0.104289 0.01280519 -0.1447826 0.05200102 0.05667717
0.04179993 0.1049757 0.01952888 -0.1144133 0.05064253 0.04548841
0.04497528 0.1390072 0.04242574 -0.1991008 -0.01319888 -0.06041669
0.03625875 0.1335482 0.05283435 -0.2099584 -0.01638877 -0.05593206
0.0357525 0.1510906 0.0419792 -0.2418339 0.0438191 -0.02912307
0.0115661 0.2055723 -0.01960104 -0.155453 0.03966289 -0.009887977
0.03821637 0.1946629 0.03606338 -0.1521148 0.03401583 0.01224076
0.03317226 0.1672579 0.03212291 -0.159515 0.0312481 0.005633309
0.05189115 0.1355167 0.06453277 -0.1418753 0.03721368 0.003886832
0.0575145 0.120792 0.06867468 -0.09647521 0.03880512 0.01506052
0.05254413 0.1307586 0.02220764 -0.07776871 0.06275892 0.03898211
0.05254413 0.1307586 0.02220764 -0.07776871 0.06275892 0.03898211
0.04930485 0.08257693 0.06242163 -0.1254967 0.02408126 -0.02444168
0.04480408 0.09786573 0.04751721 -0.1337433 0.03369892 0.02976564
0.03851302 0.1029655 0.01783235 -0.1645719 0.03235766 -0.04632512
0.03298469 0.1086029 0.02743743 -0.196076 0.03554683 -0.02348956
0.03298469 0.1086029 0.02743743 -0.196076 0.03554683 -0.02348956
0.03732758 0.1113017 0.04674001 -0.2265877 0.01708557 -0.01867282
0.03732758 0.1113017 0.04674001 -0.2265877 0.01708557 -0.01867282
0.01139628 0.1464289 0.01751665 -0.2681765 0.07206434 -0.04102966
0.0138537 0.1571783 0.01419799 -0.2719265 0.04538067 -0.05079813
0.01479054 0.1863714 -0.03197322 -0.2024058 0.04693189 -0.07731686
0.01531556 0.189972 -0.01524243 -0.182712 0.05260348 -0.07645772
0.02079855 0.1848731 -0.01615249 -0.171784 0.04713273 -0.07014576
0.02438418 0.1881745 0.0153752 -0.1630148 0.02311635 -0.0939843
0.03014906 0.1858043 -0.002777816 -0.1211495 0.02117762 -0.07832637
0.02597353 0.2204228 -0.03956195 -0.1617735 0.03841043 -0.06327154
0.02597353 0.2204228 -0.03956195 -0.1617735 0.03841043 -0.06327154
0.02597353 0.2204228 -0.03956195 -0.1617735 0.03841043 -0.06327154
0.02597353 0.2204228 -0.03956195 -0.1617735 0.03841043 -0.06327154
0.02597353 0.2204228 -0.03956195 -0.1617735 0.03841043 -0.06327154
0.02597353 0.2204228 -0.03956195 -0.1617735 0.03841043 -0.06327154
0.03512274 0.2167787 0.001618441 -0.1493583 0.05668403 -0.01890526
0.03512274 0.2167787 0.001618441 -0.1493583 0.05668403 -0.01890526
0.03512274 0.2167787 0.001618441 -0.1493583 0.05668403 -0.01890526
0.03512274 0.2167787 0.001618441 -0.1493583 0.05668403 -0.01890526
0.03512274 0.2167787 0.001618441 -0.1493583 0.05668403 -0.01890526
0.02762899 0.2062088 0.01395933 -0.1897032 0.02259961 -0.08575393
0.03313952 0.1926271 0.0256722 -0.1852698 0.001363029 -0.07141117
0.01489626 0.2495724 0.0008865818 -0.2073858 0.04101247 -0.07619093
0.01329627 0.2609154 0.008964641 -0.2201447 0.01295532 -0.105138
0.0418143 0.2504724 0.03736255 -0.1556296 0.04340714 -0.03690288
-0.001271168 0.1735047 0.02245407 -0.2004792 0.05625224 -0.03171448
0.02962997 0.1681123 -0.001137794 -0.2866727 0.05134842 -0.0663677
0.01902325 0.1666689 -0.008341159 -0.2991673 0.04292214 -0.03698535
0.01902325 0.1666689 -0.008341159 -0.2991673 0.04292214 -0.03698535
0.04891797 0.1476382 0.03612878 -0.3464938 -0.001009456 -0.05357532
0.03218523 0.1512654 0.06990494 -0.2112257 0.01843558 -0.04176191
0.03356416 0.1492518 0.04390668 -0.215845 0.04265611 -0.01264965
0.03356416 0.1492518 0.04390668 -0.215845 0.04265611 -0.01264965
0.08609211 0.1443384 0.1302941 -0.1249347 0.0608665 -0.1158499
0.0920984 0.1155296 0.1040092 -0.1538433 0.04022016 -0.1118215
0.0920984 0.1155296 0.1040092 -0.1538433 0.04022016 -0.1118215
0.0920984 0.1155296 0.1040092 -0.1538433 0.04022016 -0.1118215
0.0920984 0.1155296 0.1040092 -0.1538433 0.04022016 -0.1118215
0.0920984 0.1155296 0.1040092 -0.1538433 0.04022016 -0.1118215
0.09053011 0.06767518 0.1010995 -0.1657989 0.06717486 -0.1060334
0.09185418 0.05154624 0.05174634 -0.01608605 0.05707879 -0.1249347
0.08379088 0.05858095 0.06133651 0.003803072 0.06859319 -0.1084756
0.09221569 0.02238218 0.1600375 -0.07615789 0.08096776 -0.02868431
0.08774216 0.0216565 0.1159068 -0.1247003 0.06271482 -0.07547648
0.08774216 0.0216565 0.1159068 -0.1247003 0.06271482 -0.07547648
0.08774216 0.0216565 0.1159068 -0.1247003 0.06271482 -0.07547648
0.07757647 0.0409243 0.08211064 -0.1435443 0.09259821 -0.1114839
0.07115209 0.06132609 0.07952966 -0.1621186 0.07703844 -0.1243913
0.08320212 0.08007137 0.08017704 -0.1711144 0.09046024 -0.1140994
0.07774892 0.0660241 0.1051954 -0.168341 0.06220365 -0.1223735
0.07774892 0.0660241 0.1051954 -0.168341 0.06220365 -0.1223735
0.07774892 0.0660241 0.1051954 -0.168341 0.06220365 -0.1223735
0.0826827 0.04279759 0.1115327 -0.1566987 0.02575929 -0.1250459
0.0826827 0.04279759 0.1115327 -0.1566987 0.02575929 -0.1250459
0.0826827 0.04279759 0.1115327 -0.1566987 0.02575929 -0.1250459
0.0826827 0.04279759 0.1115327 -0.1566987 0.02575929 -0.1250459
0.0826827 0.04279759 0.1115327 -0.1566987 0.02575929 -0.1250459
0.1143055 0.04496142 0.1339879 -0.1229492 0.02083363 -0.1178502
0.1160971 0.01831848 0.162514 -0.104556 0.02098227 -0.116926
0.1160971 0.01831848 0.162514 -0.104556 0.02098227 -0.116926
0.08917832 0.03500351 0.1633633 -0.1604668 0.02583707 -0.1297348
0.1184547 0.03383735 0.1581317 -0.1377751 0.08008731 -0.08608965
0.1121974 0.04109208 0.154058 -0.120544 0.0536452 -0.09426274
0.1121974 0.04109208 0.154058 -0.120544 0.0536452 -0.09426274
0.1115193 0.08574581 0.1046358 -0.0798454 0.03409604 -0.1134478
0.1155541 0.03402362 0.126139 -0.08833353 0.0431804 -0.09130052
0.1081195 0.02939628 0.1492388 -0.07841387 0.05554076 -0.07611848
0.1337206 0.02604533 0.1344821 -0.07025502 0.04978269 -0.1359119
0.1067373 0.02719082 0.1514291 -0.05099706 0.05055777 -0.1000709
0.09651046 0.02673963 0.1429972 -0.06259036 0.02431552 -0.1206101
0.09651046 0.02673963 0.1429972 -0.06259036 0.02431552 -0.1206101
0.09651046 0.02673963 0.