0.1130585 -0.2033893 0.1561888 0.06453466 -0.2541659 -0.1617873
0.09362924 -0.2762198 0.193935 0.01964213 -0.2777102 -0.132851
0.07175999 -0.1659474 0.08495724 0.07977489 -0.2078097 -0.1144905
0.1387111 -0.2181924 0.2097001 0.09792744 -0.2638749 -0.1071305
0.1103777 -0.2137065 0.1353251 0.0828723 -0.3056272 -0.1390846
0.1526766 -0.2606531 0.262866 0.05425411 -0.3106059 -0.08508503
0.1172627 -0.2245516 0.2020215 -0.03602587 -0.3028485 -0.1380816
0.1242589 -0.1887594 0.1612871 -0.02691996 -0.3010507 -0.1327506
0.1155714 -0.2970077 0.2046222 -0.09003097 -0.3295806 -0.1182477
0.09017116 -0.1547476 0.1861351 -0.03323266 -0.1911877 -0.1376591
0.09479692 -0.1196048 0.08667032 0.2010462 -0.2500803 -0.1585711
0.1037475 -0.2278904 0.103091 0.09158131 -0.2396174 -0.127441
0.1185896 -0.1729463 0.1066111 0.03997495 -0.1980167 -0.1361292
0.0730984 -0.1925057 0.1824112 0.05007481 -0.2635265 -0.1432465
0.1033169 -0.1558147 0.2179189 -0.04001118 -0.2226316 -0.1154704
0.1173193 -0.134417 0.1815123 -0.03859357 -0.2281183 -0.09685443
0.1223176 -0.1951123 0.2043803 -0.01174549 -0.152967 -0.01396267
0.0919942 -0.1586462 0.03795614 0.1983984 -0.1462504 -0.07503539
0.06902892 -0.135997 0.1085569 0.1310265 -0.1577106 -0.07651757
0.1145906 -0.1485229 0.1088165 0.1359837 -0.2036838 -0.1319687
0.06033576 -0.05306163 0.08798315 0.1679881 -0.1808999 -0.1285476
0.1127261 -0.04485321 0.1129227 0.245462 -0.2215811 -0.1324978
0.05721397 -0.06743056 0.08884303 0.03077638 -0.1899819 -0.09295899
0.05824741 -0.09041123 0.02596946 -0.01338756 -0.2569385 -0.2006414
0.1387319 -0.1661992 0.1549696 0.1014535 -0.302489 -0.1401793
0.1182219 -0.1544953 0.2196157 0.04799765 -0.3104424 -0.1132872
0.0945133 -0.07288379 0.1168106 0.006149163 -0.2356654 -0.2043239
0.09737764 -0.07674895 0.2073178 -0.1781825 -0.3265323 -0.187338
0.08755923 -0.1310792 0.143388 -0.1886424 -0.2761883 -0.1230461
0.07690215 -0.1917665 0.1838248 -0.08910643 -0.2679719 -0.06518579
0.09269224 -0.2092257 0.1697668 -0.06689387 -0.2812917 -0.05908746
0.07588391 -0.1394505 0.1568724 -0.1041399 -0.2513606 -0.09989676
0.09342743 -0.0865361 0.08026667 -0.04968497 -0.258848 -0.1408144
0.1197639 -0.09188787 0.1573606 -0.0658945 -0.3001406 -0.1517593
0.07019673 -0.1228629 0.1488603 0.01041661 -0.2995742 -0.1345568
0.1124988 -0.102544 0.1428396 0.01725288 -0.2634861 -0.1328668
0.1560795 -0.1548589 0.1725316 0.1096215 -0.2924917 -0.112826
0.133351 -0.09874924 0.1547957 0.09205408 -0.2395175 -0.07048861
0.08822121 -0.1731215 0.1422558 0.04223984 -0.2323786 -0.04246574
0.1809127 -0.2244032 0.2552718 -0.01362172 -0.2640245 -0.08312422
0.1903054 -0.1642084 0.2535546 0.01599596 -0.2421805 -0.0966455
0.2142107 -0.1659489 0.2743178 0.004532517 -0.2616773 -0.02940642
0.1135926 -0.2012119 0.2562126 0.01963678 -0.3123172 -0.04210569
0.02828296 -0.07506507 0.09887786 0.005397611 -0.1794552 -0.06670789
0.01707654 -0.01465876 0.1080218 -0.03729792 -0.263787 -0.145555
0.01993374 -0.05061875 0.1166499 -0.07926608 -0.2439373 -0.1150779
0.09952036 -0.121022 0.1494854 -0.06477207 -0.2272465 -0.159791
0.1360055 -0.07172498 0.1100123 -0.04932646 -0.1915144 -0.1213304
0.181825 -0.1339509 0.1928155 0.02125188 -0.1296992 -0.1530659
0.1012585 -0.08460461 0.1109737 0.05538171 -0.2124231 -0.1595725
0.1709613 -0.1307886 0.2293345 0.07005567 -0.2316909 -0.1101435
0.1105774 -0.01018967 0.108118 0.01799498 -0.1085828 -0.1745558
0.1298496 -0.05604602 0.1942263 -0.03511473 -0.1718634 -0.1559243
0.1526019 -0.09622236 0.2109019 -0.1191499 -0.1680948 -0.1339224
0.1645752 -0.1536953 0.1984315 -0.03626153 -0.1820563 -0.1298511
0.1697781 -0.1022074 0.1323199 0.07191062 -0.04904847 -0.1089786
0.1415821 -0.2601545 0.2023578 0.03661068 -0.09086115 -0.1049111
0.2057593 -0.1389826 0.2297636 0.02648635 -0.09006189 -0.1618818
0.2043027 -0.1189797 0.2210125 -0.04318042 -0.12085 -0.2167126
0.2072794 -0.1795065 0.3421979 -0.008205484 -0.1598289 -0.2131221
0.2022355 -0.1776914 0.2468966 -0.05872779 -0.1115203 -0.1787819
0.2394115 -0.1336347 0.2517869 0.07353829 -0.1531626 -0.1953287
0.2391605 -0.1352656 0.2529188 0.119225 -0.1324536 -0.2105768
0.2195126 -0.16283 0.2473388 0.0884763 -0.1637155 -0.1964566
0.1892572 -0.1482843 0.2265102 0.07161012 -0.08291899 -0.1670219
0.2627842 -0.1042794 0.2627811 0.01574937 -0.07418478 -0.1627319
0.1876638 -0.1545389 0.3084355 -0.07307472 -0.09741101 -0.1471378
0.161065 -0.01051257 0.2218281 -0.006104059 -0.02669303 -0.1642127
0.1435252 -0.0412049 0.180679 -0.1700214 -0.03184633 -0.1534549
0.1246594 -0.06120209 0.201578 -0.2993158 -0.04164544 -0.168897
0.0530398 -0.06662244 0.1118161 -0.0819276 0.07689212 -0.1457169
0.06057899 -0.08731748 0.1367746 -0.09428675 0.0196202 -0.1078229
0.09744649 -0.1473395 0.1019042 0.001528588 0.01161952 -0.118398
0.02848271 -0.07541677 0.05715346 -0.2446578 0.04981307 -0.153683
0.2257424 -0.114966 0.2064721 -0.1266139 0.03981813 -0.1430603
0.2622412 -0.1468188 0.2239899 0.02157486 -0.01521329 -0.164611
0.2139298 -0.09504931 0.1454737 -0.1051369 0.06075751 -0.1178926
0.1397217 -0.1436651 0.1097134 -0.1717485 -0.008710282 -0.1608191
0.1917345 -0.2410327 0.2714254 -0.179967 -0.0889141 -0.04837438
0.2116295 -0.2758977 0.2653425 -0.1214997 -0.1667346 -0.07466333
0.2226067 -0.3143595 0.3088483 -0.004420711 -0.07559084 -0.05060001
0.2717581 -0.3776561 0.3185937 -0.04647024 -0.1122098 -0.03901082
0.2599938 -0.3053101 0.2883659 -0.06898754 -0.1180798 -0.04859035
0.246879 -0.2483881 0.2400443 -0.05476924 -0.1496034 -0.06094922
0.22987 -0.3203774 0.3110879 -0.116345 -0.06474004 -0.02185453
0.2367186 -0.2963966 0.2849506 -0.002455906 -0.04957354 -0.09218722
0.1671899 -0.3925206 0.3172477 -0.1621989 -0.09405432 -0.1133302
0.2223836 -0.3580281 0.3298868 -0.2164959 -0.05489751 -0.07828218
0.2154137 -0.2572183 0.2385734 -0.06095103 -0.07131192 -0.1237008
0.2249559 -0.2313517 0.276316 -0.03122783 -0.0853932 -0.08490415
0.2006519 -0.1911906 0.2332424 -0.05075103 -0.01110028 -0.0744597
0.1425182 -0.2419804 0.1350469 -0.06309296 -0.0386987 -0.1400262
0.115129 -0.2729693 0.1396439 -0.2251027 -0.07906685 -0.135551
0.2227818 -0.3015994 0.3048401 -0.160308 -0.1066601 -0.06772962
0.22429 -0.2949334 0.2990887 -0.1159867 -0.1618485 -0.193894
0.1724678 -0.3006054 0.3272967 -0.1844722 -0.1909546 -0.1023668
0.1322276 -0.2135005 0.226638 -0.1755793 -0.1717962 -0.1633991
0.1279415 -0.2268004 0.2366617 -0.3304052 -0.1085327 -0.1338487
0.158508 -0.2072401 0.2840467 -0.3320023 -0.130272 -0.1778292
0.1926466 -0.2094463 0.3067722 -0.247678 -0.01512721 -0.09372061
0.1830665 -0.1664104 0.2119576 -0.1687332 -0.07980595 -0.2130991
0.09113897 -0.1616042 0.1704903 -0.2290317 -0.008249413 -0.2278459
0.1653086 -0.1383387 0.1517591 -0.2842512 -0.04733545 -0.2265595
0.1615196 -0.3474166 0.2767565 -0.2908858 -0.06326208 -0.2024874
0.186386 -0.4401073 0.2878635 -0.2770866 -0.1343181 -0.1834719
0.2391821 -0.3889228 0.3794108 -0.1701442 -0.15589 -0.1810016
0.1570128 -0.4036858 0.2891752 -0.1781909 -0.1407339 -0.1828046
0.1996824 -0.2708736 0.2520158 -0.2328031 -0.04703563 -0.2068563
0.2373677 -0.343055 0.3892511 -0.2136213 -0.1237717 -0.1483773
0.232605 -0.3471628 0.3003851 -0.1346357 -0.08882679 -0.127676
0.2048325 -0.273194 0.299418 -0.115962 -0.1339944 -0.1751199
0.2294746 -0.2797963 0.2161972 -0.02131444 -0.1044447 -0.1726388
0.2018924 -0.1785883 0.197119 -0.1210012 -0.03034904 -0.1682684
0.2155214 -0.2169395 0.231675 -0.1265419 -0.1141121 -0.1572121
0.2260199 -0.3102125 0.3546413 -0.02745035 -0.1216426 -0.1952229
0.2257395 -0.28521 0.3157251 -0.1164995 -0.09569566 -0.1921383
0.1966608 -0.1640356 0.234946 -0.2223311 -0.03887378 -0.2743328
0.1725975 -0.1768541 0.2250657 -0.2635528 -0.08176728 -0.2436632
0.2448642 -0.3142544 0.3769857 -0.1153127 -0.08528753 -0.1430316
0.1522105 -0.3748816 0.2652297 -0.01253399 -0.1073166 -0.1817992
0.2258326 -0.3439223 0.2781765 -0.0790033 -0.1167793 -0.1018421
0.2120396 -0.3305181 0.3421662 -0.2342502 -0.1145669 -0.1617622
0.2243215 -0.3655745 0.3422775 -0.2261549 -0.07607334 -0.1901447
0.2249948 -0.3056727 0.2747198 -0.2573032 -0.03468092 -0.2050908
0.2379692 -0.1901725 0.2610672 -0.009547606 -0.08506399 -0.1821168
0.2405609 -0.2589183 0.3085763 -0.09652723 -0.08649588 -0.09498376
0.1930855 -0.3705396 0.237122 -0.08232871 -0.084479 -0.1237884
0.2413733 -0.3140952 0.3235957 -0.1223356 -0.06701533 -0.1312721
0.2636538 -0.3166872 0.3778746 -0.2148356 -0.07176582 -0.1176373
0.2188785 -0.267948 0.30426 -0.1659347 0.02756525 -0.1428655
0.2389165 -0.2715722 0.3031209 -0.09420089 0.01397763 -0.1389618
0.2213267 -0.2473705 0.2241949 -0.1036159 0.001547195 -0.138089
0.1351062 -0.3457581 0.2980567 -0.2641098 -0.08344103 -0.1840504
0.2084415 -0.3011701 0.3516296 -0.2861051 -0.117113 -0.1909939
0.2726956 -0.3767909 0.3960576 -0.1021271 -0.06860165 -0.0805635
0.2461391 -0.3375787 0.3827646 -0.1233428 -0.03986658 -0.09623045
0.2293747 -0.3471487 0.3235483 -0.08876895 -0.0195944 -0.103352
0.2069842 -0.3654236 0.3854713 -0.2517787 -0.07014488 -0.1134041
0.2780128 -0.3729294 0.3774285 -0.1018939 -0.005972853 -0.111665
0.2396832 -0.3784093 0.2680339 -0.04119233 -0.04586252 -0.1124091
0.2350327 -0.3576078 0.2354154 -0.03189539 -0.05927278 -0.1692414
0.214094 -0.3090692 0.2801934 -0.1076579 0.00177477 -0.04296495
0.2113919 -0.3398948 0.2670178 -0.1672855 0.01650104 -0.1224283
0.1376332 -0.3672186 0.2699116 -0.1260941 0.03255168 -0.1006351
0.2449633 -0.2696322 0.3256178 -0.1679397 0.05353323 -0.08889705
0.2255893 -0.2191984 0.2757421 -0.154356 -7.458823E-05 -0.2034537
0.1581553 -0.3278559 0.3317302 -0.2973357 -0.06664141 -0.2224845
0.1994587 -0.264129 0.3479393 -0.2001712 -0.09261985 -0.2576341
0.2252644 -0.3082409 0.3415722 -0.2461302 -0.01583188 -0.1122592
0.2261203 -0.29287 0.2708206 -0.2095804 -0.01832159 -0.1486743
0.1909045 -0.2493367 0.2796481 -0.2196225 -0.05679039 -0.195408
0.2070764 -0.2799039 0.3122243 -0.1926299 -0.04071554 -0.1384909
0.2461589 -0.2491103 0.3429769 -0.1527704 -0.004299073 -0.1350282
0.2007841 -0.2129316 0.248489 -0.1084169 0.04213327 -0.1383603
0.2001935 -0.1439107 0.1770155 -0.1674546 0.0666835 -0.1356759
0.229711 -0.1984228 0.1791718 -0.08269843 0.06920809 -0.1336841
0.2385023 -0.2379158 0.198153 -0.0339887 0.0850837 -0.06549709
0.2415861 -0.2037912 0.1533729 0.05654027 0.1014625 -0.04800705
0.2237383 -0.196367 0.181932 -0.0182699 -0.03337319 -0.2087647
0.2340519 -0.2565602 0.184346 0.02399813 0.0667584 -0.07181372
0.1847084 -0.1306719 0.1458353 -0.03400748 0.1655401 -0.03960968
0.1936659 -0.1872261 0.2624238 -0.0565281 0.1668836 -0.03878348
0.1769175 -0.1317385 0.1686555 -0.1055636 0.1660551 -0.04252165
0.1767696 -0.1517836 0.2749406 -0.2669656 0.08934217 -0.05679311
0.1747036 -0.124854 0.2457958 -0.2173057 0.1283704 -0.03748056
0.1130343 -0.2103822 0.3005688 -0.1299818 0.05894541 -0.09015551
0.2007651 -0.1723031 0.2542894 0.03649269 0.06965709 -0.08404286
0.1501744 -0.3287351 0.2175004 -0.232015 0.04108251 -0.1167969
0.2128719 -0.2911698 0.2869562 -0.06882579 0.04888402 -0.111317
0.197079 -0.2371785 0.3038843 -0.1656532 0.01814167 -0.1229045
0.1783153 -0.156476 0.2206858 -0.01403133 0.02007616 -0.1463309
0.1701751 -0.08510417 0.2262912 -0.08128296 0.05215036 -0.1696114
0.1288307 -0.2064105 0.3058006 -0.2293271 -0.1225031 -0.1599498
0.1886687 -0.2381228 0.2892981 -0.1785246 -0.02929725 -0.1477828
0.2134331 -0.260388 0.2895337 -0.1594124 -0.04640263 -0.0907803
0.219854 -0.2298994 0.222448 -0.06552117 -0.06056746 -0.1116224
0.2140563 -0.2922987 0.2827222 -0.08058588 0.003547458 -0.06503078
0.2187228 -0.2428538 0.3182223 -0.197138 -0.06507015 -0.07271145
0.1218994 -0.293217 0.2172156 -0.2460039 -0.1550052 -0.0912045
0.156819 -0.1570924 0.2746967 -0.4351572 -0.06510285 -0.03325783
0.1305717 -0.2604119 0.3378426 -0.5785922 -0.1327464 -0.03628716
0.1333603 -0.2467564 0.2601798 -0.5372314 -0.0716857 -0.08743549
0.1480417 -0.2347332 0.2442233 -0.404853 -0.04918871 -0.03813603
0.1276269 -0.1337684 0.2039463 -0.4476963 -0.06226714 -0.08236539
0.08865279 -0.0124957 0.1126342 -0.5003074 0.04885885 -0.09606023
0.05789543 -0.006264548 0.1750148 -0.6896659 -0.01667316 -0.1089588
0.103014 -0.04206158 0.222603 -0.5108203 -0.003654215 -0.08092584
0.1106942 -0.0186043 0.1539817 -0.395589 0.003460018 -0.06057765
0.07686277 -0.1100947 0.2211263 -0.4611436 -0.02907592 -0.05566069
0.09790513 -0.1838591 0.2649542 -0.7240475 -0.05692606 -0.04068529
0.1037322 -0.2551742 0.3417877 -0.8101797 -0.03426846 -0.07263546
0.09831654 -0.276969 0.2443992 -0.8449047 -0.02622582 -0.0746377
0.06489091 -0.1807216 0.2216547 -0.88837 0.003018997 -0.08316687
0.05592277 -0.08606149 0.1353502 -0.7929354 -0.03304531 -0.1149651
0.0614557 -0.08892015 0.2161228 -0.7169989 0.0282248 -0.07264963
0.06648826 -0.07101625 0.2182091 -0.708026 0.01999235 -0.06299437
0.06179376 -0.05211273 0.1487673 -0.6542726 0.06810801 -0.07977936
0.08163637 0.02541603 0.1436594 -0.6617826 0.09844743 -0.06475705
0.07604436 0.07014036 0.1169957 -0.4377414 0.07031571 -0.02808014
0.0849307 0.03735062 0.159898 -0.5148804 0.07355944 -0.01048065
0.07851204 0.0030096 0.1634285 -0.4952388 0.0295356 -0.08592829
0.06990875 0.01363475 0.1653174 -0.6111401 0.04537465 -0.04828815
0.08612066 -0.01045409 0.1719203 -0.5129485 0.04782487 -0.008276275
0.04876548 0.0216129 0.1571247 -0.5087681 0.06595294 -0.008237365
0.05151448 -0.0523512 0.1837921 -0.5703052 0.06631685 -0.06018328
0.04623745 -0.128723 0.1994143 -0.9172837 0.05327591 -0.01873924
0.07017165 -0.05384776 0.205631 -0.8892506 0.04588721 -0.07141098
0.04695405 -0.03761002 0.1782045 -0.9530527 0.1054421 -0.09020204
0.02084576 -0.005789437 0.1883409 -1 0.1197201 -0.03815283
0.02936903 0.08852467 0.1570361 -0.8945217 0.1479862 -0.07975683
0.02730068 -0.02772134 0.2498789 -1 0.095808 -0.03537126
0.04471659 0.02332872 0.06678158 -0.7587677 0.107609 -0.05871791
0.01233538 0.08338097 0.09579434 -0.8528011 0.1527902 -0.1578964
0.03816042 0.01120922 0.2400511 -0.9589313 0.1444413 -0.05410719
0.07235282 -0.01005365 0.2618561 -1 0.147354 0.03542472
0.04149629 -0.02143243 0.2488231 -0.940387 0.06958053 -0.08602358
0.04810349 0.02747513 0.2481046 -0.8233029 0.03846252 -0.1113468
0.07411769 0.08672658 0.1782719 -0.8604112 0.1094664 -0.05758043
0.05329171 0.0771363 0.1673184 -0.8567802 0.07280713 -0.08082834
0.06440857 -0.03282528 0.2100705 -0.7266929 0.0837893 -0.05568066
0.07997879 -0.08139273 0.3003331 -0.6355084 0.05218894 0.06578785
0.1045083 -0.05964196 0.2429491 -0.578041 0.01990486 -0.01101631
0.07142329 -0.08772743 0.2310602 -0.8905293 0.03648794 -0.08248705
0.09996346 -0.07850733 0.2180323 -0.6040964 0.06219169 -0.06537282
0.07632523 -0.06535207 0.2270106 -0.679056 0.05281213 -0.1250758
0.0780785 -0.06014427 0.2098965 -0.6681132 0.05788787 -0.06130306
0.08964168 0.01799659 0.1887774 -0.5856407 0.08737452 -0.006861509
0.04978218 -0.06100409 0.1925827 -0.9246166 0.03861285 -0.1384065
0.07389785 -0.07271854 0.2122347 -0.8320706 0.01871906 -0.1142743
0.05891126 -0.07495714 0.2188245 -0.8964221 0.0122988 -0.09791739
0.07643484 -0.08406699 0.2102505 -0.6308737 0.05757963 -0.1025151
0.1274449 -0.1572972 0.3797177 -0.7509348 0.02208457 0.0335498
0.04336404 -0.06625937 0.1774104 -0.8237972 0.03326963 -0.126099
0.06813455 -0.04802962 0.2096459 -0.8022855 0.1041379 -0.05944693
0.1703074 0.02529079 0.3068053 -0.854222 0.05077481 -0.09330503
0.04857688 -0.05235816 0.2413649 -0.8980716 0.149708 -0.07669097
0.05663894 -0.07346126 0.2210285 -0.8376754 0.1769762 -0.003763915
0.03391968 -0.04179205 0.1643532 -0.7865744 0.1257263 -0.004200947
0.08481443 -0.1769081 0.4071207 -1 0.05452399 -0.04535484
0.04327593 -0.1434118 0.3274843 -0.9725997 0.05863234 -0.05404755
0.09911854 -0.1287806 0.2895504 -0.9136669 0.06018304 -0.03967516
0.1485132 -0.07017767 0.3065077 -0.8255986 0.08913287 -0.1037988
0.1066681 -0.2066063 0.4734967 -1 0.0805313 0.005495423
0.1252573 -0.1532349 0.3684651 -0.8698477 0.0670796 0.03501271
0.1098611 -0.2511495 0.2864904 -0.7342436 0.0668032 -0.008120944
0.1209391 -0.1531266 0.261764 -0.5617636 0.1146076 -0.02437262
0.09860063 0.03620481 0.1563039 -0.6128629 0.1049979 -0.1209167
0.06700842 -0.03343539 0.184581 -0.6266384 0.08896798 -0.1004634
0.09675343 -0.09966407 0.2968155 -0.8026778 0.03413375 -0.05696602
0.08195199 -0.1003923 0.2158296 -0.6665134 0.1204421 -0.04072648
0.1087286 -0.08526137 0.2382705 -0.6689296 0.1143158 -0.01816335
0.09138842 0.01982176 0.2442413 -0.8777928 0.1218477 -0.05083849
0.02086941 0.02268193 0.2397683 -0.7990489 0.1853874 -0.1081707
0.03942731 0.01353282 0.177315 -0.8509419 0.2163279 -0.07497734
0.0248124 0.004610333 0.2324602 -0.8304571 0.1629259 -0.0905775
0.01372242 -0.03013283 0.2598326 -1 0.09144469 -0.07917199
0.07313025 -0.03054183 0.1856046 -0.7323107 0.1019741 -0.110259
0.08217519 0.02896109 0.133176 -0.6674951 0.1288618 -0.07421415
0.03943469 0.003812067 0.1495817 -0.6788555 0.1568125 -0.0889781
0.08837561 0.02054316 0.1189577 -0.4523488 0.1703187 -0.07309537
0.05349313 -0.07015403 0.1579696 -0.6239692 0.1883952 -0.05065543
0.08295942 0.05657595 0.07409266 -0.4360265 0.1880459 -0.02137131
0.09047709 0.04837103 0.0550901 -0.174297 0.2244795 0.04124455
0.06870876 -0.02887536 0.1224283 -0.4180589 0.1471905 -0.01455441
0.1084289 -0.1013551 0.2144436 -0.4225365 0.07203511 -0.08097032
0.1525894 -0.04259543 0.17571 -0.2326803 0.03155834 -0.08784452
0.1427489 -0.1572948 0.2007686 -0.3136642 0.05847196 0.01864226
0.1290848 -0.02107383 0.04626295 -0.1402955 0.1214329 -0.04358286
0.105371 -0.1183414 0.1209897 -0.2257345 0.09790855 -0.08733041
0.127104 -0.138171 0.199013 -0.2938077 0.06524903 -0.02935404
0.1463645 -0.07441051 0.1848339 -0.1609978 0.02876595 -0.06805095
0.1465522 -0.00791819 0.09469577 -0.0868623 0.09022482 -0.1128581
0.07227556 -0.02392172 0.1877913 -0.3843993 0.1395834 -0.08898709
0.1762833 -0.05244909 0.1845361 -0.1402328 0.08681719 -0.0374517
0.0922246 -0.1244794 0.1651836 -0.3294965 0.07319849 -0.09204604
0.1438138 -0.02740572 0.1620492 -0.1288457 0.1441908 -0.03778504
0.1213618 -0.1484188 0.2642509 -0.4149888 0.1073285 -0.06917455
0.1660775 -0.05129427 0.1785564 -0.2155852 0.1501152 -0.06699829
0.1063138 -0.1283258 0.1444537 -0.1066661 0.1422769 -0.07949539
0.14993 -0.1232912 0.168912 -0.1476862 0.1849599 -0.08978955
0.1791293 -0.1030114 0.2426611 -0.01579678 0.1743973 -0.04830493
0.1295181 -0.246048 0.2658103 -0.1498658 0.2276242 -0.008547649
0.1534568 -0.1834598 0.2688757 -0.3187353 0.1569622 -0.1180007
0.166142 -0.07944009 0.159482 -0.3297495 0.1745279 -0.1049748
0.1269428 -0.22293 0.223736 -0.4186885 0.1943968 -0.09247098
0.1823404 -0.1956215 0.2430785 -0.3843302 0.178582 -0.07259206
0.1381964 -0.2763129 0.2957874 -0.3171102 0.2085608 -0.06794075
0.1707496 -0.2147098 0.3136469 -0.2483623 0.1613163 -0.01884846
0.1331214 -0.2282547 0.304864 -0.385228 0.1604722 -0.02557461
0.1905417 -0.09432452 0.2098519 -0.117282 0.1654644 -0.04778659
0.1187926 -0.1769402 0.2066449 -0.2241624 0.1736185 -0.05192996
0.184928 -0.1479901 0.1590971 -0.1556162 0.2105146 -0.05472566
0.1295663 -0.2206236 0.1401278 -0.02801266 0.1835889 -0.0539654
0.1551787 -0.1673611 0.1852562 -0.1890693 0.1395068 -0.08417114
0.1516296 -0.09378159 0.1828979 -0.238569 0.134162 -0.06403936
0.1795227 -0.04930798 0.1993075 -0.06758983 0.1267995 -0.04629608
0.157767 -0.1059861 0.1996958 -0.1