0.2186837 -0.4000033 0.4733937 -0.366298 0.1875165 0.0001610069
0.4093765 -0.3395462 0.5398178 0.1120151 0.137969 -0.1031166
0.3024179 -0.5175265 0.5440725 -0.3925955 0.197364 -0.1178635
0.4514354 -0.4726895 0.8459039 -0.3413608 0.1392001 -0.07219627
0.4992666 -0.4830948 0.9313701 -0.5845417 0.09430227 -0.08306032
0.2450172 -0.5534896 0.7806559 -1 0.06066971 -0.1260553
0.2171617 -0.5398548 0.7193941 -1 0.1401573 -0.1576108
0.4293235 -0.4970937 1 -0.9630369 0.1211895 -0.1446044
0.2290043 -0.5465522 0.8079459 -1 0.1243701 -0.04931593
0.2407592 -0.5778944 0.845822 -1 0.04566863 -0.1113846
0.2220928 -0.5601 0.730517 -1 0.06721504 -0.1656435
0.3265847 -0.6093774 1 -1 0.07557561 -0.1172335
0.3465753 -0.638064 1 -1 0.1468508 -0.08521251
0.3075141 -0.5955505 0.9941731 -1 0.1606293 -0.08321502
0.2551061 -0.5975644 0.9719245 -1 0.1671793 -0.09312654
0.3655538 -0.3742047 0.9751248 -0.9508089 0.157562 -0.1267954
0.3888852 -0.3088245 0.8546918 -0.5400812 0.1163264 -0.1270101
0.2316928 -0.462632 0.694571 -1 0.06400886 -0.1526601
0.2480924 -0.5401292 0.8487354 -1 0.04053941 -0.1295641
0.2725291 -0.5886684 0.9604782 -1 0.2008272 -0.04453364
0.2367743 -0.6570449 0.9317035 -0.9955522 0.1531522 -0.06920885
0.4251312 -0.5667596 0.9216853 -0.5753326 0.1570385 -0.07071992
0.2980733 -0.6739907 1 -1 0.1677265 -0.1365733
0.2834517 -0.7188417 1 -1 0.1435036 -0.06459286
0.4138165 -0.6057622 1 -1 0.1291244 -0.1240158
0.3293215 -0.6720002 1 -1 0.1847511 -0.0685093
0.3323008 -0.6265519 0.9718302 -1 0.2115413 -0.07542466
0.3116021 -0.6224589 0.9258791 -1 0.1358961 -0.1227359
0.3529921 -0.7348975 1 -1 0.1251869 -0.1533285
0.365988 -0.6334215 0.9560515 -0.970327 0.1281204 -0.1429928
0.3134382 -0.5868575 0.9759651 -1 0.1688823 -0.1395833
0.2783958 -0.6782869 1 -1 0.116962 -0.05010998
0.2895896 -0.7284908 1 -1 0.0393072 -0.1369228
0.396125 -0.5371873 0.7849285 -0.4798678 0.07504989 -0.0528511
0.4608388 -0.5566137 0.9415247 -0.4379442 0.05036189 -0.07606892
0.2844739 -0.6255993 0.9076571 -1 -0.02082588 -0.1222796
0.2735481 -0.7120047 1 -1 0.06269336 -0.01731429
0.2266647 -0.5707816 0.8235509 -1 0.091603 -0.0834071
0.2759857 -0.6648509 0.9053066 -1 0.108925 -0.07518364
0.3598505 -0.5222554 0.9463283 -0.9524455 0.05327328 -0.1672975
0.2191806 -0.4177762 0.5941774 -0.7673039 0.09759588 -0.05816311
0.2330694 -0.4072859 0.8369814 -1 0.08724491 -0.127802
0.2860079 -0.5844498 0.9748344 -1 0.04100126 -0.1870903
0.4198862 -0.453269 0.9827282 -1 0.06447706 -0.1064663
0.2869008 -0.4295163 0.9079464 -1 0.05637563 -0.1338426
0.3222008 -0.5086427 0.9525468 -1 0.008117723 -0.2034088
0.2959185 -0.4856069 0.8966955 -0.9445514 0.1013989 -0.201775
0.3556252 -0.6311619 1 -1 0.07261625 -0.1932973
0.2898528 -0.599043 0.9384775 -1 0.1518081 -0.1302616
0.3456511 -0.613757 0.9928168 -1 0.102559 -0.1390939
0.4164897 -0.5779784 1 -1 0.0778494 -0.189294
0.3040166 -0.597042 0.9281884 -0.8775805 0.149147 -0.1943136
0.354657 -0.781902 1 -1 0.1298496 -0.2008588
0.4165741 -0.6207501 1 -1 0.1227277 -0.08507371
0.2910002 -0.7522014 1 -0.9650427 0.2056835 -0.09488698
0.3856536 -0.7138667 1 -0.884088 0.1640032 -0.04625146
0.3535432 -0.7347134 1 -1 0.1263647 -0.1326308
0.3239215 -0.5812289 0.9748977 -1 0.182417 -0.1441713
0.3011436 -0.5931697 0.9060841 -0.9470943 0.1154009 -0.1822689
0.2689072 -0.6057786 0.9465415 -1 0.01751484 -0.1826947
0.3295988 -0.7282338 1 -1 -0.02289676 -0.1928534
0.3159073 -0.5374125 0.9168233 -0.993706 0.09488105 -0.1564744
0.3381631 -0.6288795 0.9486313 -1 0.08235358 -0.1455057
0.3182203 -0.6700649 1 -1 0.1015241 -0.1327014
0.3630316 -0.6600487 1 -1 0.2343674 -0.1763812
0.3062031 -0.6192076 0.929864 -1 0.1804039 -0.1800285
0.3805593 -0.7595468 1 -1 0.1694201 -0.1259667
0.2973372 -0.6422768 0.9611568 -1 0.1214992 -0.1392042
0.3276264 -0.4513998 0.9492901 -1 0.1657107 -0.01507877
0.293499 -0.5520048 0.9369956 -1 0.1671825 -0.1284569
0.3365959 -0.5449535 1 -1 0.1420156 -0.2190287
0.3200035 -0.6188664 0.9850474 -1 0.1500162 -0.1694098
0.3430025 -0.6193525 0.9886392 -1 0.2040278 -0.1402124
0.4205575 -0.4224794 0.9417778 -0.8177384 0.213475 -0.1958627
0.2799939 -0.4926501 0.8881225 -1 0.2420017 -0.1164454
0.3254113 -0.6448733 0.962534 -1 0.3063905 -0.09247941
0.3566356 -0.6718566 0.9870699 -1 0.3675334 -0.1084199
0.3651426 -0.6801093 1 -1 0.3213364 -0.1309438
0.411045 -0.8073721 1 -1 0.3310516 -0.07682487
0.3099157 -0.6881531 1 -1 0.2681895 -0.09518715
0.4106227 -0.6145149 1 -0.8585915 0.2227202 -0.04750198
0.3032465 -0.6208417 0.9582635 -1 0.2771992 -0.04811909
0.4303473 -0.517486 0.9774976 -0.6870102 0.334959 0.02002802
0.2751737 -0.4267787 0.5284129 -0.4762707 0.3895127 -0.03472459
0.4149181 -0.3773746 0.5891191 -0.2066658 0.2211744 -0.02638427
0.2744641 -0.6007642 0.869811 -0.984025 0.1725064 -0.03595341
0.3236263 -0.4358552 0.8374604 -0.6106571 0.1788901 0.001269194
0.2912324 -0.3747101 0.6591474 -0.4716008 0.1383686 0.006838708
0.2133709 -0.4447087 0.6470646 -0.8233966 0.09387936 -0.08477896
0.4354753 -0.3394101 0.8240712 -0.1747651 0.17978 -0.07727452
0.291316 -0.4722406 0.7968337 -0.478015 0.144588 -0.07339313
0.4481463 -0.4215075 0.8639416 -0.4470774 0.2009059 -0.07363437
0.4992118 -0.3753435 0.9309599 -0.5017715 0.1345727 -0.09960037
0.1941838 -0.4540453 0.6913251 -1 0.1992276 -0.08697674
0.2884942 -0.4972622 0.887239 -1 0.1761464 -0.1249624
0.4212282 -0.3704517 0.956096 -0.7032462 0.2325901 -0.1851316
0.4522037 -0.4872058 0.9871956 -0.6880707 0.2146398 -0.1459919
0.3428576 -0.5902968 0.9899114 -1 0.1088202 -0.07367889
0.3182423 -0.6683784 0.9747962 -1 0.07953721 -0.1276975
0.3855905 -0.7036073 1 -1 0.1895483 -0.1580116
0.3541327 -0.7154486 1 -0.9941291 0.1710741 -0.1330639
0.3585236 -0.769092 1 -0.9069009 0.3706257 -0.1365008
0.3716021 -0.7640949 1 -0.9057996 0.3698099 -0.1139239
0.3868501 -0.8037327 1 -1 0.4147242 -0.1249683
0.3650511 -0.7816111 1 -1 0.378821 -0.08324578
0.4037586 -0.8454613 1 -1 0.3176721 -0.08152343
0.3984789 -0.9331849 1 -0.952227 0.3377574 -0.05614277
0.3904423 -0.87815 1 -0.9897292 0.276029 -0.02002488
0.3430824 -0.7297955 0.8402444 -0.8899142 0.3469067 -0.02896023
0.3875959 -0.8678024 1 -0.9723663 0.3083915 -0.06720385
0.4486439 -0.981245 1 -1 0.4053442 -0.05978918
0.3536336 -0.8705448 0.9820756 -0.9991168 0.3628516 -0.07819951
0.4002303 -0.9020094 1 -0.7370394 0.4437492 -0.0741142
0.5230001 -0.897709 1 -0.6654586 0.347748 -0.09951639
0.4235361 -0.9445227 1 -0.8310044 0.3479596 -0.1258316
0.4336793 -0.9207204 1 -1 0.1998251 -0.1455882
0.4113108 -0.974604 1 -0.6899361 0.1683169 -0.07232563
0.4058122 -0.962998 1 -1 0.1790876 -0.0820665
0.3098399 -0.8097255 0.860595 -0.8295714 0.02799774 -0.08254375
0.3687695 -0.7639879 0.8726792 -0.7791995 0.1219462 -0.1237264
0.4498626 -0.6481595 0.8223943 -0.5444846 0.1104471 -0.1509176
0.2533778 -0.5681261 0.5668982 -0.3579886 0.1915058 -0.01935478
0.4313528 -0.5163389 0.6858757 -0.1814127 0.161397 -0.09180915
0.3374763 -0.6789933 0.7138475 -0.3443759 0.1906005 -0.07773541
0.5222843 -0.5891186 0.7504916 -0.2348623 0.1987371 -0.03699122
0.4653307 -0.5570506 0.7898032 -0.1359643 0.1778688 -0.05493901
0.2427254 -0.6699623 0.7286652 -0.7791889 0.2253846 -0.08899207
0.4768468 -0.6117 0.7445679 -0.4585958 0.251482 -0.05446234
0.3143373 -0.6851694 0.8566207 -0.6130229 0.2424373 -0.145649
0.5008209 -0.6136854 1 -0.5211951 0.2884966 -0.1803388
0.4239676 -0.8071175 1 -0.9926286 0.1977034 -0.1319767
0.3870554 -0.8034307 1 -0.9773089 0.2439238 -0.08970957
0.4298673 -0.5933719 1 -0.7149535 0.1885527 -0.118251
0.3211277 -0.7105066 1 -1 0.1333492 -0.2032667
0.3324984 -0.6798951 1 -1 0.2410095 -0.1868913
0.3704182 -0.7279395 1 -1 0.2785027 -0.2131404
0.4036513 -0.7645282 1 -1 0.2739967 -0.2473155
0.431575 -0.8096347 1 -0.9109167 0.2540498 -0.1731644
0.3499295 -0.8410025 0.9322907 -1 0.258694 -0.09623845
0.275171 -0.7167031 0.8844122 -0.9752831 0.1917341 -0.1123127
0.3030138 -0.6944895 0.8669756 -0.8522873 0.1830838 -0.2445075
0.4715573 -0.6620207 1 -0.6009643 0.2559465 -0.1160069
0.3993128 -0.6389902 0.748341 -0.3779403 0.2986527 -0.0404773
0.3091704 -0.6344764 0.6825594 -0.4524785 0.3803084 -0.1018401
0.3149969 -0.6423199 0.7954444 -0.5493786 0.2112612 -0.1163862
0.5511889 -0.5793287 0.9038264 -0.169923 0.1738715 -0.1337477
0.3230725 -0.7071 0.8102505 -0.7853425 0.2891297 -0.1010487
0.6151823 -0.5618927 0.9896945 -0.3969551 0.2063753 -0.1424583
0.2965174 -0.6712718 0.8853317 -0.9637977 0.2032866 -0.07310357
0.3339156 -0.6386644 0.899385 -0.8787738 0.2040842 -0.04866748
0.2870513 -0.6282367 0.8373564 -0.7691674 0.1887327 -0.1142418
0.4778314 -0.5571395 0.8628824 -0.5277965 0.1172563 -0.2030536
0.2611107 -0.6098569 0.6888356 -0.9684252 0.2679531 -0.13832
0.5159176 -0.6667955 1 -0.7159684 0.1854995 -0.1501836
0.5345585 -0.5149339 0.8950765 -0.3740144 0.2379907 -0.08667368
0.2522039 -0.4911915 0.8942302 -0.9004389 0.1983799 -0.2131569
0.4626553 -0.4608073 1 -0.8719599 0.1411849 -0.2505974
0.51199 -0.4837928 1 -0.5880774 0.2354485 -0.1958169
0.5192246 -0.5445094 0.9612832 -0.3879809 0.2348732 -0.1599979
0.2384157 -0.621558 0.7675689 -0.790109 0.2877665 -0.1709954
0.5457382 -0.6368986 1 -0.5230642 0.2984895 -0.1343009
0.2582308 -0.6899941 0.8964803 -1 0.1834373 -0.1989518
0.4530357 -0.5212669 0.8359038 -0.6880988 0.2101175 -0.1784157
0.2426558 -0.5653025 0.7716384 -0.7441851 0.246647 -0.1965279
0.3244553 -0.6181449 0.857663 -0.7797278 0.2131376 -0.1379004
0.460643 -0.5882155 1 -0.5038247 0.2169192 -0.1188662
0.3248476 -0.6874188 0.9086768 -0.6511435 0.2155308 -0.1099278
0.485293 -0.5279751 0.9910956 -0.6440208 0.2085498 -0.1376903
0.3005147 -0.6449695 1 -1 0.2395481 -0.1407141
0.3178413 -0.6517603 0.9890653 -1 0.2924567 -0.09510257
0.3100054 -0.7207046 1 -1 0.2378163 -0.1459156
0.453242 -0.7110369 1 -0.7778432 0.3205305 -0.1288346
0.3834124 -0.7979933 1 -0.9454025 0.3695435 -0.1253018
0.3484956 -0.7171993 1 -0.9031271 0.3658128 -0.1108189
0.3254319 -0.661847 0.9345201 -0.8563917 0.2771987 -0.1754977
0.4945044 -0.5315916 0.9478717 -0.3809999 0.2223114 -0.1215249
0.268922 -0.6889959 0.9109205 -1 0.1613597 -0.1818298
0.3927396 -0.7020317 1 -1 0.3920572 -0.1262304
0.3486036 -0.7