0.1252671 -0.07634404 0.08173777 0.1758679 0.1182437 -0.02482678
0.2495095 -0.005209042 0.1152131 0.4389839 0.1013465 -0.04731942
0.1331758 -0.1645315 0.06011102 0.3140606 0.2404629 -0.06433278
0.1417867 -0.2225309 0.1434716 0.1288169 0.1902898 -0.06539409
0.112934 -0.2123239 0.08229274 0.3134583 0.1516458 -0.04690634
0.1321394 -0.2330539 0.08949421 0.3760284 0.1342937 -0.04679406
0.1166313 -0.2359048 0.08344267 0.2833845 0.09691866 -0.12799
0.1357873 -0.2116856 0.1191878 0.1618171 0.1406277 -0.09373732
0.1501738 -0.26679 0.1119118 0.2889188 0.1345601 -0.06031467
0.2090231 -0.2302733 0.2080513 0.1173905 0.09303499 -0.07222226
0.1778065 -0.2241421 0.1284188 0.2780334 0.1447873 -0.0584947
0.1831392 -0.2884937 0.1741588 0.2729317 0.1117554 -0.09364757
0.1800778 -0.2940843 0.1990125 0.1700913 0.04975228 -0.09294758
0.1773974 -0.4136635 0.2916664 0.1201328 0.07417206 -0.05675468
0.1353239 -0.3896819 0.161923 0.1184199 0.08900291 -0.05692395
0.1805028 -0.3589425 0.1973782 0.1454756 0.01237307 -0.09425468
0.2377212 -0.4886018 0.3189234 0.1790929 0.05852804 -0.04952872
0.2526104 -0.5094375 0.2574228 0.3126288 0.08590958 0.007347169
0.1772809 -0.4117327 0.1935719 0.2373649 0.07681878 -0.06423326
0.174275 -0.3753262 0.1612764 0.2132079 0.0975044 -0.1023757
0.1778095 -0.3407854 0.1583641 0.3565826 0.09024871 -0.07924838
0.1658115 -0.3644571 0.1705103 0.2443645 0.02589524 -0.1207207
0.2042374 -0.4215848 0.3094143 0.1034697 0.1052892 -0.09987442
0.1686673 -0.3473535 0.10682 0.2171769 0.1189443 -0.1303387
0.170309 -0.2598817 0.109794 0.1553362 0.1470001 -0.1037881
0.1718899 -0.3916838 0.1083027 0.3233566 0.08350363 -0.07114983
0.1872806 -0.3304094 0.1646736 0.2309634 0.081561 -0.1117854
0.1769832 -0.3089809 0.1512214 0.1118259 0.08199336 -0.1022647
0.2056372 -0.4312678 0.2574001 -0.04616171 0.04030458 -0.08459056
0.1791586 -0.4357766 0.245463 0.0583187 0.03497747 -0.1248833
0.1848588 -0.3185516 0.2054559 0.09266005 0.1134884 -0.03899728
0.1918739 -0.3014877 0.1548099 0.2424985 0.1380532 -0.1227309
0.1792344 -0.4267464 0.2218342 0.1711354 0.09618064 -0.03150365
0.234611 -0.4401002 0.2725723 0.2542401 0.03906035 -0.04714363
0.1566883 -0.3269676 0.2283785 0.07545058 0.05914015 -0.1142088
0.1859187 -0.3380554 0.2294487 0.06151316 0.07322902 -0.1166578
0.1790976 -0.3581437 0.2886427 -0.09254955 0.03464794 -0.1061577
0.1864271 -0.397562 0.2098817 0.3347666 -0.03037102 -0.05973433
0.2090122 -0.3426239 0.1803967 0.2550198 0.02628697 -0.03848861
0.2036138 -0.3436763 0.2148871 0.2011673 -0.03892652 -0.1647504
0.1726828 -0.3339238 0.146078 0.406446 0.007584625 -0.1541823
0.1898643 -0.3151464 0.2449742 0.09859003 0.1719116 -0.06217284
0.1528401 -0.370722 0.1138802 0.2373863 0.1714328 -0.1118469
0.1585782 -0.3721886 0.1394175 0.1845835 0.1095378 -0.1038139
0.1908096 -0.3869808 0.2206393 0.03394692 0.07217209 -0.09185135
0.2853308 -0.4185925 0.2683286 0.172645 0.008385168 -0.006956052
0.2264057 -0.3563052 0.1844415 0.1871618 0.1485574 -0.01004345
0.1856443 -0.3569431 0.2123441 0.02577588 0.03615665 -0.07812205
0.1533813 -0.2890862 0.05470474 0.3161674 0.02389293 -0.08723476
0.2040363 -0.3375026 0.2111163 0.2420116 0.04405077 -0.07480016
0.1554592 -0.2948274 0.1771553 0.2697783 0.06213848 -0.1117536
0.1897682 -0.3412966 0.2067104 0.2719983 0.02292962 -0.1526044
0.2023423 -0.3293357 0.1756427 0.3691268 0.1552432 -0.0634902
0.2036631 -0.3146526 0.09018487 0.4340098 0.1149735 -0.05630299
0.1812528 -0.3884193 0.1561597 0.4419232 0.1208419 -0.0483842
0.1934556 -0.384704 0.145828 0.4469054 0.1045985 -0.03488104
0.1869058 -0.3469222 0.1654336 0.3438 0.06268758 -0.07364199
0.2009025 -0.358329 0.1742037 0.2381817 0.0729275 -0.05290332
0.1643811 -0.3123225 0.1369657 0.3698241 0.1969939 -0.07861509
0.1882806 -0.244093 0.08514457 0.36789 0.2024115 -0.1045949
0.1462526 -0.2624651 0.1480319 0.1150469 0.09240925 -0.1385575
0.143631 -0.4149243 0.2400706 -0.3047975 0.1429474 -0.0903788
0.1697746 -0.3879415 0.2955601 0.006118899 0.1119578 -0.1188226
0.1569195 -0.3445819 0.1846274 0.1303097 0.1151137 -0.1080735
0.166307 -0.32354 0.1602345 0.1357665 0.1114682 -0.1285447
0.1571484 -0.3403905 0.1512604 0.2014094 0.1166698 -0.09451111
0.1608795 -0.3055584 0.1733079 0.2831009 0.08322328 -0.09538227
0.1674579 -0.2762013 0.2040692 -0.03977512 0.1342275 -0.114208
0.1906868 -0.3641238 0.2380541 0.2053958 0.07142526 -0.1087671
0.2019738 -0.3374169 0.1420287 0.493263 0.02845731 -0.1096865
0.1578464 -0.3054194 0.1376867 0.2969648 0.1051626 -0.09258034
0.1621795 -0.2911552 0.2096931 0.1054521 0.1199982 -0.08326176
0.2035187 -0.3176449 0.1947249 0.3517494 0.07055625 -0.1076438
0.1668722 -0.352903 0.2221322 0.08063907 0.1025926 -0.1063639
0.1583518 -0.3162115 0.2040686 0.2318919 0.1709511 -0.05742492
0.179621 -0.3488046 0.2431306 0.05385216 0.1018787 -0.1220479
0.2156273 -0.3644363 0.352704 0.07949004 0.1376339 -0.1019546
0.3002366 -0.433147 0.5196794 -0.0546319 0.1091427 -0.1888856
0.2697936 -0.5491971 0.8859572 -1 0.1563013 -0.2159551
0.2541621 -0.6562243 0.756982 -0.7251063 0.1418115 -0.2565143
0.2228838 -0.622108 0.786773 -1 0.1321485 -0.2616999
0.1939746 -0.6293454 0.817792 -1 0.07510343 -0.2122499
0.2419717 -0.5402623 1 -1 0.07022212 -0.169491
0.1975934 -0.5179562 0.8970282 -1 0.1704195 -0.234434
0.1909592 -0.5477115 0.89324 -1 0.12928 -0.2664762
0.2383617 -0.6300215 0.7325574 -0.8332711 0.1111392 -0.2364075
0.2284741 -0.5925645 0.6468471 -0.7070217 0.1508065 -0.2053787
0.2595944 -0.5514132 0.6562381 -0.6213714 0.08834157 -0.2442088
0.2560093 -0.4459611 0.8329867 -1 0.136857 -0.244523
0.2372842 -0.5914305 1 -1 0.1705917 -0.2467636
0.5373375 -0.5836428 1 -0.9093744 0.1805077 -0.204633
0.3568125 -0.6608711 1 -1 0.1271715 -0.2595145
0.3005673 -0.5169845 0.9843843 -1 0.2096076 -0.296394
0.2972337 -0.5964713 1 -1 0.08824834 -0.2550734
0.2970646 -0.6300228 1 -1 0.1168718 -0.2249988
0.2588148 -0.6725263 1 -1 0.06544323 -0.21269
0.277959 -0.5481731 1 -1 0.09309032 -0.2041795
0.2031205 -0.4865608 0.9438919 -1 0.1334882 -0.2055364
0.2554876 -0.4994391 1 -1 0.1400135 -0.160854
0.2581233 -0.5152293 0.9997404 -1 0.08696544 -0.1993688
0.2846089 -0.6234555 1 -1 0.1761676 -0.1892814
0.2712539 -0.6354528 1 -1 0.1592141 -0.1530481
0.3133252 -0.6352792 1 -1 0.2087251 -0.09464188
0.2901569 -0.6405516 1 -1 0.1107091 -0.1239145
0.2455228 -0.5843938 0.9952314 -1 0.2123253 -0.137035
0.2515035 -0.583459 0.9673958 -1 0.2120194 -0.1923356
0.3110541 -0.6618624 1 -1 0.126054 -0.08580156
0.2343675 -0.5622026 1 -1 0.1207904 -0.1416781
0.2436807 -0.5359204 1 -1 0.1980573 -0.1129858
0.4293011 -0.4736625 1 -1 0.2059201 -0.07562988
0.2446098 -0.5616146 1 -1 0.1843829 -0.1342512
0.2422235 -0.6202565 0.8148122 -1 0.1089883 -0.08433779
0.273783 -0.4331392 0.6188973 -0.7302157 0.18485 -0.1349152
0.2344299 -0.4930137 0.5857346 -0.4884757 0.1831977 -0.1440002
0.3188639 -0.3901447 0.4930785 0.05655212 0.2897061 -0.0671527
0.236264 -0.4701295 0.3865258 -0.1130985 0.3492191 -0.1220643
0.3527752 -0.4580511 0.4989829 0.3076748 0.2794606 -0.03013225
0.2443854 -0.5125973 0.3115667 0.2121297 0.3083889 -0.1555467
0.2944785 -0.3721948 0.4059366 0.2534725 0.2478202 -0.1587409
0.1783874 -0.5596014 0.3521828 -0.03761562 0.2078413 -0.116292
0.1851082 -0.3907696 0.2290689 -0.04685975 0.2485474 -0.1303458
0.1223706 -0.3604362 0.2788076 0.01895045 0.3573196 -0.06637214
0.1865503 -0.5874808 0.3564101 0.07652184 0.2389923 -0.1505614
0.1501766 -0.4521931 0.3322652 -0.02776498 0.3209477 -0.07027265
0.1992614 -0.3293466 0.272648 0.2612766 0.3668562 -0.128204
0.3048384 -0.1755421 0.2548137 0.3294016 0.3619386 -0.138365
0.168909 -0.2038385 0.2699297 0.231697 0.3581726 -0.1580078
0.1985828 -0.239938 0.2829565 0.02600177 0.3337779 -0.1334713
0.2108628 -0.2506569 0.2762124 0.01389606 0.3482538 -0.171531
0.223287 -0.3707614 0.4014055 -0.2360205 0.1214731 -0.1803128
0.3276357 -0.3493461 0.5035265 -0.05871018 0.1781268 -0.1876222
0.1898666 -0.377548 0.2972176 0.04195569 0.3822496 -0.17913
0.2142709 -0.4221278 0.3724153 -0.05627961 0.3317388 -0.1029409
0.2473376 -0.4065671 0.3857115 0.1232165 0.3457852 -0.1061889
0.2556583 -0.5701619 0.4896317 -0.1165815 0.2977886 -0.09011569
0.2301206 -0.3958826 0.4013582 0.1058045 0.222838 -0.1676454
0.2288859 -0.502596 0.3615804 0.001467765 0.2194797 -0.1694701
0.1962849 -0.5216229 0.3738177 -0.2279419 0.2599269 -0.1296698
0.2294588 -0.5187725 0.3545871 -0.00835182 0.1912713 -0.1480342
0.2857074 -0.5796157 0.5264406 -0.1018986 0.1534099 -0.1292264
0.2560769 -0.6106198 0.4656519 -0.07003184 0.1560292 -0.1102192
0.2539126 -0.4983563 0.3877113 0.03936576 0.1787191 -0.120265
0.3102947 -0.5859796 0.4932678 0.01592561 0.2532759 -0.05913043
0.2072534 -0.5196465 0.4585752 -0.1942118 0.2688996 -0.143195
0.2152593 -0.5660604 0.442941 -0.009841614 0.2480435 -0.1360561
0.2296992 -0.5225891 0.3636572 0.121993 0.2548183 -0.1362701
0.2105989 -0.5369582 0.365684 0.09411436 0.3300078 -0.09535162
0.3629806 -0.5146206 0.4520707 0.2970261 0.2238375 -0.02331854
0.2748396 -0.6151199 0.4485111 0.2325621 0.1825347 -0.005819802
0.2287854 -0.3959278 0.27601 0.3482527 0.1881557 -0.08644424
0.2574612 -0.4028943 0.27474 0.245366 0.1021999 -0.1155015
0.2324254 -0.4268758 0.2425496 0.3095115 0.1199284 -0.1033944
0.2483259 -0.4927447 0.4397525 0.1016652 0.1699354 -0.1014763
0.2546718 -0.5086206 0.4160021 -0.1018511 0.0510871 -0.1345321
0.1905249 -0.3833187 0.2795859 0.2772722 0.1001492 -0.1140753
0.3627032 -0.3361818 0.3462213 0.2865937 0.09232031 -0.08328491
0.189153 -0.354163 0.3005917 0.1726371 0.06772959 -0.08363542
0.2671088 -0.4250104 0.4186538 0.2119826 0.04793864 -0.1018377
0.2193322 -0.4740774 0.3800037 -0.01853064 0.05498955 -0.1149813
0.2378556 -0.4579947 0.321822 0.1405109 0.1301684 -0.06732229
0.3006237 -0.3976814 0.3768331 0.3717043 0.1848777 -0.06047787
0.2548495 -0.4899128 0.3331337 0.42588 0.1338494 -0.1358931
0.3244669 -0.462755 0.4405863 0.2946956 0.1949515 -0.1406684
0.3831058 -0.4597901 0.4888783 0.2908169 0.1691134 -0.1184166
0.2858657 -0.5522796 0.5049489 -0.01201931 0.1033112 -0.1006921
0.2959763 -0.7394223 0.5572338 -0.1407536 0.1416051 -0.06378561
0.2749671 -0.6281747 0.3269326 0.146628 0.2155471 -0.06403258
0.2561867 -0.5772908 0.4358954 0.108204 0.2000916 -0.01585983
0.3284574 -0.4875402 0.4184747 0.1513064 0.1581843 -0.06527995
0.2400991 -0.5390232 0.4344489 0.01513951 0.1804476 -0.05332533
0.343261 -0.4924501 0.432961 0.2548739 0.1892348 -0.0540679
0.2532495 -0.6300762 0.3924014 0.3705259 0.1876868 -0.07434157
0.2692392 -0.5915495 0.3744264 0.3331034 0.2238813 -0.0405499
0.4229451 -0.5030907 0.4444992 0.5305534 0.2871691 0.003593676
0.4593932 -0.5482504 0.5194525 0.525337 0.2486079 0.02456313
0.3916428 -0.4985638 0.4339802 0.6260453 0.1843533 -0.03805703
0.2981776 -0.581285 0.3262842 0.6172617 0.2150866 -0.07858321
0.3298442 -0.5710488 0.5643532 0.09672935 0.1784486 -0.07141804
0.3078562 -0.5089694 0.4047245 0.2341593 0.1857578 -0.05070129
0.2483612 -0.5890101 0.4253847 -0.1419228 0.1759584 -0.05736205
0.2399565 -0.5585021 0.6602013 -0.901124 0.2278894 -0.0395238
0.2339884 -0.5890557 0.5325048 -0.4422661 0.192385 -0.05637595
0.2132105 -0.6382856 0.3524095 0.04063253 0.1672554 -0.01706783
0.2348325 -0.5762189 0.4178233 -0.2208886 0.1802512 -0.09440084
0.2235028 -0.5905121 0.3833896 -0.07345057 0.156509 -0.04314112
0.2373891 -0.5650105 0.4695484 -0.2624581 0.02581937 -0.04352947
0.4348269 -0.5595176 0.629113 -0.3290818 0.1818092 -0.02197447
0.2071587 -0.513965 0.6209363 -0.8402236 0.08144934 -0.1116294
0.2259853 -0.5722087 0.6249153 -0.938843 0.08343975 -0.1330024
0.2363286 -0.5682897 0.5832498 -0.811919 0.03527106 -0.1121117
0.2207055 -0.5910718 0.5030953 -0.5561506 0.04333323 -0.03062135
0.4413434 -0.4897618 0.6609269 -0.4366016 0.05954305 -0.126519
0.2873256 -0.5665243 0.6294089 -0.6123194 0.07911099 -0.1068276
0.1985962 -0.4973907 0.5274342 -0.7657974 0.08471368 -0.08882971
0.2071004 -0.3975561 0.2510278 0.1206641 0.09783871 -0.1285874
0.1604609 -0.3564299 0.1681989 0.2562716 0.153184 -0.1001576
0.2717103 -0.3925195 0.2467147 0.3551296 0.103065 -0.03250805
0.2182096 -0.176444 0.1518827 0.3766397 0.1670628 -0.1105863
0.2312469 -0.2058729 0.1500293 0