0.2478917 -0.2122494 0.4476442 -0.3594106 0.115752 -0.005950387
0.1371527 -0.2334059 0.3647607 -0.5648077 0.04358916 -0.08231769
0.1849174 -0.1357798 0.3646068 -0.3523219 0.1085786 -0.07234201
0.1273428 -0.1666714 0.3463532 -0.6390142 0.1297055 -0.08797669
0.1518276 -0.179352 0.3439524 -0.4763132 0.09082234 -0.08632461
0.1987176 -0.274472 0.3950884 -0.3952516 0.1466407 -0.05600849
0.2364627 -0.2528828 0.5290267 -0.723839 0.1052351 -0.04150335
0.2622626 -0.2299024 0.4928365 -0.5918522 0.09387798 -0.07726674
0.2255859 -0.2379637 0.4572622 -0.5154584 0.1204609 -0.06060943
0.1952993 -0.1833829 0.453253 -0.733076 0.08376244 -0.07996084
0.1236286 -0.253563 0.3623696 -0.6577102 0.1650626 -0.03135655
0.1507579 -0.2022429 0.3993147 -0.6501525 0.2047414 -0.01268267
0.2001837 -0.2729771 0.4413625 -0.4027239 0.1117196 0.003179637
0.115721 -0.2396872 0.4676148 -0.9279482 0.1339584 -0.06028451
0.139718 -0.2265165 0.4519542 -0.87517 0.3098301 -0.05637815
0.2048792 -0.3130303 0.5969949 -0.9225595 0.290287 0.03539715
0.1410996 -0.2839489 0.462912 -0.838818 0.3036125 0.08355361
0.189928 -0.2822741 0.4866165 -0.7309493 0.1145958 0.01837988
0.2518038 -0.3309751 0.5385873 -0.6375403 0.03705684 -0.03215147
0.1839969 -0.1805068 0.4021076 -0.5603234 0.0884615 -0.1062311
0.1299602 -0.11656 0.4044157 -0.7637692 0.1403832 -0.03046458
0.2275231 -0.2317698 0.5025183 -0.7355644 0.06443831 -0.1050813
0.1793848 -0.1063513 0.3790301 -0.5982723 0.08413362 -0.09973489
0.3919556 -0.2638871 0.6089073 -0.5341641 0.01370573 -0.1163504
0.2033702 -0.2217374 0.3389277 -0.3957736 0.06563455 -0.1087797
0.1833882 -0.1570943 0.2395412 -0.2338841 0.1409031 -0.1002374
0.1385833 -0.1945391 0.3471485 -0.4908965 0.0988315 -0.0560869
0.241961 -0.2642528 0.5548154 -0.8429999 0.05282816 -0.09740277
0.2335091 -0.2781371 0.570712 -1 0.106521 -0.1239624
0.1998003 -0.4965985 0.6962178 -1 0.08409489 -0.1084081
0.2371728 -0.5159314 0.9637823 -1 0.1507587 -0.06546643
0.1432306 -0.3855433 0.5235153 -1 0.08902526 -0.1454027
0.3007386 -0.3952928 0.8651736 -1 0.1458893 -0.1189848
0.3577953 -0.3935046 0.8577152 -1 0.165595 -0.1384477
0.3824682 -0.4568435 1 -1 0.1570176 -0.06373022
0.3056779 -0.5290583 0.8693445 -1 0.02132789 -0.09873825
0.3817087 -0.5552615 1 -1 0.06061211 -0.06632914
0.3999804 -0.5404202 0.956962 -1 0.02895273 -0.06461941
0.2615489 -0.5493439 0.9857948 -1 0.1925927 -0.08054101
0.2107735 -0.4923811 0.8081759 -1 0.09450365 -0.1070174
0.1804933 -0.3855072 0.5905856 -1 0.1434238 -0.1335806
0.1739298 -0.3583879 0.5906857 -1 0.1754909 -0.1658061
0.3387365 -0.287334 0.8988923 -1 0.2092981 -0.1505311
0.3270379 -0.3645718 0.886453 -1 0.1743271 -0.1167956
0.1883676 -0.3619936 0.5635507 -1 0.198777 -0.1294716
0.2555745 -0.4841473 0.936258 -1 0.1526203 -0.1658565
0.290414 -0.452959 0.8761549 -1 0.1878146 -0.1676159
0.3054446 -0.4006876 0.8923266 -1 0.1465547 -0.09758739
0.2129746 -0.4662177 0.7482747 -1 0.2630774 -0.1364088
0.2993582 -0.5635176 0.9987062 -1 0.1546546 -0.1121801
0.2835109 -0.5962983 0.9837096 -1 0.1514115 -0.09477449
0.279754 -0.594569 0.9061992 -1 0.1515083 -0.08147649
0.4067434 -0.4833091 0.8734423 -0.9788347 0.1325547 -0.1165002
0.1749134 -0.4552701 0.6556376 -1 0.1745445 -0.1307509
0.1922215 -0.4715029 0.5552834 -0.9549807 0.1464185 -0.1628184
0.1904258 -0.5316319 0.6924069 -0.8831849 0.1634862 -0.1273205
0.3417977 -0.525866 0.8444568 -0.6483192 0.2001324 -0.1704793
0.2919361 -0.6048242 0.7517175 -0.4617985 0.4089255 -0.1302633
0.3125011 -0.4259955 0.7115491 -0.1516631 0.4022877 -0.2091514
0.2354184 -0.6196885 0.7238906 -0.7370332 0.4045446 -0.2225751
0.2341766 -0.3782514 0.5527412 -0.4045894 0.4768229 -0.2178923
0.4692653 -0.3335744 0.9110611 -0.501442 0.4229477 -0.2277765
0.2188061 -0.541426 0.6636617 -0.948461 0.4046319 -0.2202325
0.4503457 -0.5758274 1 -1 0.324844 -0.1897373
0.2577145 -0.5971172 0.7259334 -0.9442083 0.3103896 -0.2015586
0.308045 -0.5819153 0.8215392 -1 0.2532494 -0.2166614
0.3259936 -0.6854355 0.8709729 -1 0.2602189 -0.2150013
0.2670264 -0.6708887 0.7433347 -0.8971183 0.2972183 -0.1358988
0.4722513 -0.635268 1 -0.9905209 0.3184958 -0.1555917
0.2131961 -0.6277934 0.6881721 -1 0.2571108 -0.1090731
0.2511977 -0.6656039 0.7165554 -0.9149951 0.3514455 -0.0851972
0.3157602 -0.6678528 0.7706731 -1 0.3507645 -0.08822148
0.2054486 -0.5676043 0.7603905 -1 0.3819462 -0.1825366
0.4904869 -0.5347753 1 -0.9495493 0.4182969 -0.07179095
0.4863008 -0.5460795 1 -1 0.3834209 -0.1083062
0.2181535 -0.600542 0.7885724 -1 0.2504228 -0.2070908
0.455279 -0.5610471 0.9769995 -0.9423413 0.3124851 -0.1070396
0.3851496 -0.5263425 0.6977659 -0.6412176 0.3113792 -0.1687696
0.2565742 -0.5975995 0.6793036 -0.6955316 0.2899351 -0.091671
0.2232323 -0.4556125 0.5309693 -0.3264998 0.3612971 -0.1743986
0.5257328 -0.342152 0.6947506 -0.05998126 0.2388082 -0.2945907
0.4782938 -0.4036684 0.7354403 -0.1244511 0.2638997 -0.2286415
0.2617497 -0.55856 0.6269937 -0.5804312 0.2897086 -0.2190724
0.5398471 -0.6217523 1 -0.8851832 0.2351028 -0.1712365
0.4702857 -0.5430278 0.9950895 -0.5673262 0.2800727 -0.08496247
0.5158054 -0.4821288 0.8699028 -0.4829416 0.2814989 -0.1083594
0.2004926 -0.5052124 0.7049745 -1 0.3739697 -0.1293288
0.2152298 -0.5003456 0.7583196 -1 0.2911206 -0.1747682
0.428439 -0.4229415 0.782173 -0.6484981 0.3419179 -0.1706655
0.2312558 -0.5500035 0.8142931 -1 0.2431851 -0.2403117
0.5046021 -0.4438705 1 -0.9181744 0.3316883 -0.2068203
0.4613917 -0.4364367 0.9258438 -0.90404 0.2604659 -0.1699041
0.4373558 -0.409074 0.8666444 -0.863011 0.3258719 -0.1786565
0.2360194 -0.5152795 0.7864044 -1 0.3210379 -0.202771
0.228096 -0.5629275 0.8840463 -1 0.3345967 -0.1455521
0.5155104 -0.4951929 1 -0.8704883 0.2975093 -0.1711986
0.336973 -0.3595852 0.7367199 -0.9047169 0.3390516 -0.1683374
0.4494514 -0.2034603 0.6165076 -0.1187194 0.3293213 -0.1483159
0.4662435 -0.3535209 0.694371 -0.008368656 0.258688 -0.1641731
0.4824247 -0.3002038 0.6586438 -0.1334554 0.3934862 -0.1363767
0.4732946 -0.2789786 0.6186581 -0.1013149 0.3206582 -0.1782805
0.4536607 -0.320747 0.6945446 -0.4416824 0.3712892 -0.1545859
0.3325344 -0.6159997 1 -1 0.2713641 -0.2095366
0.4468381 -0.4960274 1 -0.7759135 0.3491698 -0.1689346
0.4411027 -0.4737031 1 -0.8502514 0.236617 -0.2239166
0.2729081 -0.5418003 0.9336299 -1 0.3873072 -0.1308666
0.2378954 -0.5544202 0.7675282 -1 0.3054276 -0.1704815
0.4864939 -0.4986714 1 -0.7833671 0.2744536 -0.148385
0.4850816 -0.5053948 1 -0.883762 0.2898107 -0.1911606
0.2322122 -0.5200388 0.9935868 -1 0.3348827 -0.1985742
0.4519049 -0.5390702 1 -0.854131 0.2416697 -0.2264077
0.2600137 -0.6667475 0.8217486 -1 0.2921571 -0.1380015
0.3238535 -0.7155622 1 -1 0.3459029 -0.1055415
0.6159661 -0.6536279 1 -0.6903296 0.2758995 -0.1180721
0.3137252 -0.8030961 1 -1 0.2868925 -0.1373163
0.4475669 -0.7203811 1 -0.9027241 0.2452994 -0.08471603
0.6059399 -0.5512204 1 -0.5344116 0.2721294 -0.1292175
0.4993321 -0.6048161 1 -0.8901766 0.2257748 -0.1116135
0.2698442 -0.6599089 0.7960912 -0.8715838 0.1678362 -0.1648981
0.2669565 -0.7405062 0.9315426 -1 0.2214249 -0.07206911
0.2489355 -0.625277 0.8263819 -1 0.2304554 -0.09777485
0.2573746 -0.6391361 0.9777666 -1 0.2453851 -0.09619946
0.2778293 -0.775019 0.9554255 -1 0.2404116 -0.07898847
0.675585 -0.5188767 1 -0.2633619 0.1740489 -0.09234793
0.6092497 -0.4517529 1 -0.3320376 0.2310502 -0.03121076
0.2108972 -0.4406664 0.7060428 -0.6851588 0.1666032 -0.1586334
0.1961319 -0.4962729 0.8202915 -0.9269877 0.1306511 -0.1494971
0.2725235 -0.5843111 0.8877964 -0.9940155 0.1121435 -0.153153
0.4108219 -0.5089764 0.9809061 -0.703766 0.2308516 -0.1455438
0.5202948 -0.3877168 0.7703143 0.1486205 0.2725374 -0.04326516
0.3531532 -0.2899172 0.5498909 -0.07365461 0.2228326 -0.09708986
0.2250609 -0.2840856 0.4909578 -0.5176661 0.2504462 -0.1459632
0.193518 -0.3521364 0.4971274 -0.7274535 0.2525485 -0.1507636
0.4129244 -0.3534051 0.6241558 -0.4386294 0.2091718 -0.145185
0.4129244 -0.3534051 0.6241558 -0.4386294 0.2091718 -0.145185
0.2236964 -0.4541237 0.8880204 -1 0.2312312 -0.1962778
0.4685686 -0.3916035 1 -0.9493297 0.2451496 -0.1723124
0.3394252 -0.5648351 1 -1 0.2286888 -0.1673432
0.4519724 -0.4277466 0.9784408 -0.9761791 0.2406396 -0.160418
0.2845377 -0.5320758 0.9918163 -1 0.1973425 -0.1997036
0.2887559 -0.5339535 0.9571381 -1 0.3115961 -0.1004156
0.3381317 -0.4694779 0.977387 -1 0.2654243 -0.2107541
0.2998236 -0.5641305 0.9616292 -1 0.17809 -0.2152664
0.3108791 -0.6891387 1 -1 0.2402519 -0.1108113
0.3831303 -0.6997491 1 -0.7840177 0.159622 -0.09334876
0.359524 -0.8230283 1 -1 0.0921893 -0.04596543
0.4260569 -0.6224475 1 -0.817243 0.1637726 -0.1110462
0.3326631 -0.7524578 1 -1 0.07173587 -0.1418981
0.4420233 -0.5042489 1 -0.7726912 0.159814 -0.1724986
0.3053095 -0.6204306 1 -1 0.1385396 -0.1489133
0.434815 -0.5943974 1 -0.7568004 0.1389155 -0.1213709
0.4358057 -0.5215173 0.9649974 -0.691341 0.06466575 -0.1342227
0.2361639 -0.4780338 0.8957545 -1 0.2232553 -0.1789901
0.3006589 -0.6108801 0.9964873 -1 0.1545752 -0.1942219
0.311978 -0.6373578 1 -1 0.0717378 -0.1565558
0.2727644 -0.5057777 0.9769493 -1 0.1319816 -0.1666887
0.3026883 -0.5712612 1