0.2796948 -0.5666196 0.9819592 -1 0.04349073 -0.1530279
0.2445549 -0.4004726 0.8438529 -1 0.1735123 -0.1129128
0.3202876 -0.2676954 0.7955295 -0.7721645 0.1412119 -0.1123912
0.3024407 -0.2716982 0.8666527 -0.9788337 0.08736819 -0.1220637
0.4378721 -0.264393 0.8813514 -0.7235404 0.07934255 -0.04458683
0.2728042 -0.513212 0.9546281 -0.9932766 0.1027242 -0.02881603
0.2344962 -0.474688 0.8191118 -1 0.0891984 -0.04663554
0.2190102 -0.5308757 0.8386157 -1 0.06828028 -0.002805456
0.2547165 -0.5225617 0.7362946 -0.9518397 0.01789247 -0.08930982
0.2183114 -0.5201164 0.6493651 -0.9812134 -0.00636002 -0.1009294
0.2242977 -0.4480674 0.6062952 -0.7156388 0.04603409 -0.02349903
0.3758018 -0.3181302 0.8150411 -0.8448457 0.06968557 -0.09309888
0.218012 -0.4382874 0.7919521 -1 0.009441864 -0.03910007
0.4382172 -0.4484521 0.8375736 -0.6828658 0.01629687 0.0462735
0.3599212 -0.3096336 0.895604 -0.9813052 -0.006274138 -0.06936202
0.3434942 -0.2830093 0.794932 -0.7877079 -0.001697536 -0.04456177
0.2230349 -0.3497574 0.8456413 -1 0.01378546 -0.06819419
0.2155713 -0.4656424 0.91122 -1 -0.03286942 -0.06991408
0.2746197 -0.5157396 0.9044585 -1 -0.03542746 -0.07678987
0.2525248 -0.5136895 0.9518582 -1 0.007666228 -0.08190926
0.3970107 -0.4721882 0.9706142 -0.9369804 0.02753706 -0.0603912
0.2763095 -0.4986779 0.9358599 -1 0.1558439 -0.1226868
0.2609909 -0.5013429 0.9082902 -1 0.1680758 -0.1232176
0.2413301 -0.5585158 0.9600306 -1 0.1377978 -0.06659608
0.368651 -0.5508412 1 -1 0.07182625 -0.03403611
0.2779076 -0.6009789 0.8014178 -0.9285461 0.0364606 -0.004571197
0.3924407 -0.5236691 1 -0.8964788 0.1043622 -0.03919657
0.4130526 -0.5992346 1 -0.8555503 0.07354067 0.01200586
0.4104187 -0.5871336 1 -0.852307 0.1005596 -0.001069498
0.4187342 -0.5633609 1 -0.7768019 0.1124754 0.04287584
0.4252216 -0.5000015 1 -1 0.1591029 0.009245667
0.2700253 -0.5476776 0.9237005 -1 0.05079671 -0.03705158
0.2746792 -0.5821159 0.9615583 -1 0.02722288 -0.1033336
0.2210232 -0.5723294 0.811685 -1 0.03941279 -0.06687443
0.4287358 -0.5010114 1 -1 0.009976065 -0.07578185
0.2428969 -0.5168296 0.8579875 -1 0.03291614 -0.1221733
0.2521889 -0.5206063 0.899372 -1 0.1295796 -0.0680389
0.265017 -0.5367763 0.951282 -1 0.1690272 -0.069012
0.3411591 -0.7179466 1 -1 0.1194595 -0.06875899
0.3086127 -0.72026 1 -1 0.0866462 -0.0644193
0.353335 -0.6387447 0.9750815 -0.9971325 0.09996083 -0.0118102
0.2730298 -0.5565171 0.9207945 -1 0.1161379 -0.1241904
0.2528014 -0.5560238 0.9615541 -1 0.1069113 -0.119449
0.3243366 -0.6421459 0.9925088 -1 0.07718477 -0.08087578
0.3333649 -0.7316217 1 -1 0.01083822 -0.1057477
0.3036657 -0.597662 0.8283116 -0.8409733 0.06225359 0.01695317
0.2041557 -0.5166043 0.697312 -1 0.02821998 -0.1383393
0.273613 -0.5735792 0.9412567 -1 0.05650377 -0.09026894
0.3765206 -0.4743902 0.9073536 -0.8494465 0.01179906 -0.1154157
0.2163137 -0.4624756 0.636373 -0.9770734 0.0621612 -0.1008141
0.2169345 -0.4708873 0.6302845 -0.9321797 0.05908353 -0.1490816
0.1434344 -0.3137417 0.4352746 -0.7452866 0.1012084 -0.158283
0.2957633 -0.2689441 0.5516818 -0.6674459 0.09216829 -0.1612649
0.3155743 -0.2097679 0.5579201 -0.5818413 0.09462979 -0.09282795
0.1445788 -0.2387546 0.4701338 -0.7188382 0.1319632 -0.1086173
0.5340617 -0.2388058 0.763164 -0.5123283 0.05681815 -0.1782805
0.5432105 -0.311866 1 -0.8000714 0.04478965 -0.184442
0.215793 -0.4765985 0.7369213 -1 0.091305 -0.1581838
0.5213971 -0.3395999 0.7308401 -0.4571735 0.1228596 -0.1075664
0.1592756 -0.2599548 0.5963044 -1 0.05151363 -0.1925436
0.5195052 -0.1786765 0.874859 -0.7506827 0.1152024 -0.1687887
0.5191663 -0.218463 0.8626435 -0.59906 0.09638482 -0.169044
0.245118 -0.3485661 0.8314945 -1 0.06682895 -0.1973283
0.2367494 -0.3007753 0.7288578 -1 0.238345 -0.2030962
0.5642326 -0.2229954 1 -0.9096776 0.08377158 -0.2255848
0.2703264 -0.4436842 0.9272995 -1 0.08391291 -0.1912137
0.2853943 -0.457546 0.9324859 -1 0.1307787 -0.2097986
0.3407929 -0.5132661 0.9110615 -1 0.197338 -0.2224699
0.257125 -0.4561988 0.8612821 -1 0.07731599 -0.2027519
0.4963215 -0.3759142 1 -1 0.1668914 -0.2263001
0.2347463 -0.3716974 0.8084845 -1 0.1397918 -0.2135007
0.2556881 -0.3815923 0.8210297 -1 0.1020023 -0.2616662
0.576516 -0.2923104 1 -1 0.1148761 -0.268079
0.3579739 -0.5114958 1 -1 0.1192564 -0.270521
0.5393109 -0.3780715 0.9935352 -0.980673 0.1928582 -0.1387682
0.3472162 -0.4966938 0.9979342 -1 0.2318479 -0.1760522
0.2993401 -0.5637404 0.9888228 -1 0.1376432 -0.1637457
0.5617228 -0.4708076 1 -1 0.1297781 -0.1511915
0.389057 -0.5900273 1 -1 0.1035912 -0.2265574
0.3716971 -0.6373495 1 -1 0.2254077 -0.2394772
0.5783224 -0.717274 1 -1 0.3204867 -0.103088
0.3900803 -0.7367915 1 -1 0.3786032 -0.1455451
0.3342786 -0.6468619 1 -1 0.3878236 -0.04998346
0.3554613 -0.6641721 1 -1 0.3567493 -0.0670962
0.3554345 -0.6073064 1 -1 0.3336106 -0.1372828
0.5357965 -0.3987246 1 -0.8000015 0.3099687 -0.1692979
0.5605937 -0.2992708 1 -0.5375734 0.2904816 -0.2216732
0.3447081 -0.4667063 0.96967 -1 0.4331616 -0.1088824
0.3051746 -0.4363442 0.9229066 -1 0.3834583 -0.1850671
0.3591937 -0.4895006 0.9577963 -1 0.4402238 -0.09013616
0.3658851 -0.5318527 0.998075 -1 0.341963 -0.1759793
0.3800134 -0.5185986 0.9806126 -1 0.1025023 -0.2996048
0.3453393 -0.5025919 0.9586747 -1 0.1752526 -0.279362
0.3529242 -0.4754772 0.909935 -1 0.2300116 -0.1886191
0.3845323 -0.5288433 0.9964748 -1 0.2070271 -0.1812693
0.3459899 -0.5285511 1 -1 0.1650776 -0.2550612
0.3931544 -0.5442495 1 -1 0.1373972 -0.2348241
0.4229952 -0.6318458 1 -1 0.2098977 -0.1945731
0.4167442 -0.5879179 1 -1 0.2196842 -0.1724073
0.3971304 -0.5811574 1 -1 0.1796691 -0.2173091
0.3542733 -0.4294408 1 -1 0.1727771 -0.1846329
0.4856486 -0.2558993 1 -1 0.1859519 -0.2132862
0.2829539 -0.2403059 0.8627932 -1 0.09503323 -0.253568
0.3016905 -0.3177988 0.9884498 -1 0.1481764 -0.09707264
0.2676156 -0.3930706 0.9367725 -1 0.1581726 -0.1103886
0.2351544 -0.3823798 0.8320626 -1 0.08067615 -0.2154869
0.6183441 -0.190798 0.8726879 -0.5630509 0.1606269 -0.1838461
0.1882661 -0.2691866 0.6471586 -1 0.2229 -0.1702775
0.2101382 -0.305759 0.630501 -0.948884 0.1544712 -0.1715323
0.5412695 -0.2146953 0.8365937 -0.7233622 0.1349557 -0.1465898
0.5480787 -0.216489 0.7845286 -0.547366 0.07523422 -0.1878739
0.613689 -0.1574534 0.7814538 -0.2337167 0.05193811 -0.2808689
0.6088597 -0.00294068 0.7405949 -0.09021569 0.07124387 -0.2539378
0.3355159 -0.1072306 0.5086162 -0.1798106 0.1282607 -0.1783646
0.2240829 -0.2331079 0.7646787 -1 0.2225298 -0.1175478
0.7116159 -0.1689202 1 -0.6963449 0.1484342 -0.175438
0.4384027 -0.5893299 1 -1 0.1975935 -0.2615525
0.4359307 -0.6510807 1 -1 0.2756435 -0.1781242
0.4218601 -0.6228565 1 -1 0.2860889 -0.1745575
0.4375728 -0.5944219 1 -1 0.1931805 -0.1917198
0.4321785 -0.6133775 1 -1 0.2801544 -0.2386597
0.4013658 -0.5616138 1 -1 0.3336611 -0.1119498
0.3835681 -0.5652203 1 -1 0.2585958 -0.2090837
0.3930548 -0.6376123 0.9379184 -1 0.2967052 -0.1198264
0.3792191 -0.5450868 0.9194654 -1 0.2629457 -0.0929691
0.3350756 -0.3898974 0.8983538 -1 0.1527702 -0.2380351
0.3286343 -0.5167774 1 -1 0.2972519 -0.1115464
0.7057578 -0.3429824 1 -0.8884886 0.2523027 -0.1815681
0.3141319 -0.4648531 1 -1 0.183033 -0.1856607
0.3602846 -0.5559193 1 -1 0.2609927 -0.1298275
0.5777807 -0.3065987 1 -0.6583951 0.2700225 -0.1058922
0.2188428 -0.3147661 0.64259 -0.9424265 0.3099475 -0.05634927
0.5274827 -0.2265063 0.7490509 -0.5316092 0.2413055 -0.1099041
0.2615938 -0.3429034 0.6715505 -0.9888093 0.2634353 -0.147558
0.2241634 -0.335485 0.6876664 -0.9107705 0.2651961 -0.1398965
0.2905812 -0.4593697 0.8086283 -0.9956016 0.4854988 -0.1231354
0.401006 -0.6519433 1 -0.736972 0.5538174 -0.06997335
0.353298 -0.5944202 0.9436708 -0.9349975 0.5683773 -0.1064706
0.3593042 -0.583716 0.9270133 -0.8583124 0.618862 -0.1347586
0.4160268 -0.7089052 0.9997569 -0.6872394 0.6249642 -0.1594304
0.4131487 -0.7782233 1 -0.7599198 0.6069313 -0.07905709
0.4384434 -0.8095886 1 -0.8197625 0.5185959 -0.1853109
0.4553242 -0.8805435 1 -0.8557053 0.5958405 -0.1413755
0.4298883 -0.8804292 1 -0.9535896 0.6290067 -0.1399176
0.4000697 -0.8370754 1 -1 0.5516503 -0.1581374
0.3833255 -0.8047278 1 -1 0.5143403 -0.1546593
0.3588903 -0.7172515 1 -1 0.5740933 -0.1098551
0.4097016 -0.7827739 1 -1 0.5720944 -0.1227606
0.3924523 -0.8822596 1 -1 0.5251573 -0.1107141
0.415685 -0.8824478 1 -1 0.5370855 -0.1134372
0.3823624 -0.8198567 1 -1 0.5224096 0.01527468
0.374172 -0.7584503 1 -1 0.4529812 -0.01807684
0.5168019 -0.5867125 0.9989917 -0.6431208 0.4455105 -0.04076475
0.3498809 -0.6247349 0.9687134 -1 0.4242136 -0.069694
0.3893335 -0.6586017 1 -1 0.4712438 -0.1225593
0.3478985 -0.6190112 1 -1 0.2493672 -0.1292798
0.3106703 -0.6781051 1 -1 0.1540369 -0.09381498
0.3536798 -0.7156264 1 -1 0.2340026 -0.1201414
0.368623 -0.7541345 1 -1 0.196107 -0.1300004
0.3552223 -0.746818 1 -1 0.2294323 -0.1019063
0.4317896 -0.8219416 1 -1 0.2031481 -0.178321
0.4110838 -0.7643664 1 -1 0.2486108 -0.147538
0.3356941 -0.6343602 1 -1 0.2107057 -0.09134827
0.316853 -0.6079932 0.8920186 -1 0.1619644 -0.1488819
0.3196503 -0.5782673 0.9610922 -1 0.1486691 -0.1788709
0.3739491 -0.6803339 1 -1 0.2232259 -0.08877985
0.409429 -0.7991928 1 -1 0.1789876 -0.1348507
0.4209166 -0.7806007 1 -1 0.2762465 -0.168335
0.4522307 -0.868733 1 -0.9732075 0.2650508 -0.1959926
0.4221896 -0.8047593 1 -1 0.239367 -0.2188935
0.4511138 -0.9103506 1 -1 0.2580909 -0.2209462
0.4695122 -0.8644566 1 -1 0.3077279 -0.2127494
0.3869181 -0.6874763 1 -1 0.1553152 -0.2284538
0.4434263 -0.8824197 1 -1 0.2036684 -0.1682842
0.4132102 -0.7375507 1 -1 0.1316963 -0.1583738
0.4019873 -0.7387348 1 -1 0.1131957 -0.1462279
0.3862007 -0.7227013 1 -0.8405362 0.1877963 -0.07123793
0.3319311 -0.6624591 0.9517603 -1 0.2125819 -0.1691892
0.468471 -0.4365291 0.944536 -0.7156526 0.1330499 -0.08319102
0.4335567 -0.4132716 0.8182024 -0.5224785 0.1817077 -0.02439138
0.4694879 -0.4646198 0.9854063 -0.8410368 0.2522518 0.01908695
0.2978406 -0.5338965 0.8567739 -1 0.1882428 -0.1065383
0.2345265 -0.4409091 0.7145026 -0.9651245 0.1715737 -0.1184657
0.2688756 -0.4410274 0.7567697 -0.8845021 0.2029845 -0.09720924
0.252972 -0.4554545 0.7237