0.2976243 -0.3536414 0.8186787 -0.946214 0.1360004 -0.1297643
0.1975872 -0.4176847 0.8209658 -1 0.1280029 -0.0963158
0.3513227 -0.2759566 0.7984931 -0.8169909 0.1560434 -0.0911284
0.245348 -0.4545982 0.8994393 -1 0.2351289 -0.05963782
0.2885523 -0.4343731 0.9488389 -1 0.1156255 -0.1256966
0.2407722 -0.4636114 0.9731607 -1 0.1504475 -0.1401833
0.2749818 -0.5771687 0.9655341 -1 0.1617277 -0.1109325
0.3480064 -0.4699352 0.9912602 -1 0.1331123 -0.07105453
0.348011 -0.4117602 0.8656036 -0.9404161 0.124097 -0.1174286
0.2296411 -0.4403134 0.8597349 -1 0.1511051 -0.1119306
0.2370329 -0.4629999 0.7984151 -1 0.1670254 -0.1322707
0.2522592 -0.4726962 0.8916253 -1 0.1071333 -0.1181347
0.2993674 -0.4402717 0.9508685 -1 0.1299781 -0.1010084
0.2370696 -0.4820981 0.8873187 -1 0.2184331 -0.08195595
0.2681434 -0.490007 0.8633704 -1 0.1743367 -0.1174592
0.2299582 -0.4782692 0.8987855 -1 0.1997068 -0.1547458
0.360617 -0.3850319 0.9815227 -1 0.1525584 -0.118626
0.2915655 -0.5718933 1 -1 0.1601056 -0.1010041
0.347374 -0.4977441 0.9775581 -1 0.114393 -0.07982657
0.3530492 -0.4666326 0.8938385 -1 0.1738057 -0.09433133
0.2285741 -0.496065 0.8535389 -1 0.271374 -0.102384
0.2426802 -0.5464589 0.8585087 -1 0.2298717 -0.1304547
0.3749212 -0.4222236 1 -1 0.192508 -0.1064795
0.3256115 -0.3965669 0.9693025 -1 0.1982802 -0.0512243
0.2806302 -0.5186304 0.9286576 -1 0.2101301 -0.08526745
0.2113038 -0.4759426 0.758878 -1 0.1743531 -0.04715184
0.3625931 -0.4234644 0.9397056 -1 0.09918954 -0.1644635
0.2823476 -0.5228013 0.9297938 -1 0.1634673 -0.07989928
0.2552758 -0.3934117 0.7739945 -1 0.1598029 -0.1040036
0.2161182 -0.4141991 0.7342685 -1 0.2186665 -0.07390297
0.2426996 -0.4923282 0.8799859 -1 0.2416218 -0.1088245
0.2300685 -0.4644634 0.8803438 -1 0.1960447 -0.1165911
0.2917006 -0.6761524 1 -1 0.1840201 -0.08731231
0.2978987 -0.6513032 0.9665616 -1 0.1390163 -0.1098649
0.3368944 -0.6764181 0.9932576 -1 0.2487611 -0.1456215
0.2751192 -0.6164169 0.959088 -1 0.1760276 -0.06447522
0.2067682 -0.4938275 0.7158347 -1 0.1568629 -0.0340566
0.1941912 -0.436406 0.5117444 -0.6585774 0.110204 -0.04073238
0.4090303 -0.3653314 0.9362296 -0.9532251 0.1257554 -0.05680448
0.2184256 -0.5028033 0.9245335 -1 0.1239773 -0.04200822
0.3103591 -0.399696 0.7993808 -0.9345813 0.1728441 -0.09516457
0.204931 -0.4005774 0.816779 -1 0.186598 -0.1218925
0.3645919 -0.4400118 0.9688328 -0.9886821 0.1735435 -0.1049892
0.3519071 -0.3992707 0.8493872 -0.8277633 0.1932746 -0.07074486
0.2094238 -0.3481436 0.771585 -1 0.2189389 -0.03928722
0.2352296 -0.5102661 0.8883184 -1 0.1129193 -0.04845296
0.2396652 -0.5219171 0.8421441 -1 0.1880224 -0.07999727
0.3123831 -0.6461602 1 -1 0.104687 -0.1492115
0.3035567 -0.7476092 1 -1 0.07756842 -0.1266895
0.3840615 -0.5884073 0.9547825 -1 0.08004651 -0.06868288
0.2458566 -0.5532927 0.7866089 -1 0.2101613 -0.02864929
0.2517843 -0.5621226 0.8922227 -1 0.1071354 -0.1097376
0.2767859 -0.6108449 0.9942582 -1 0.1416901 -0.08052204
0.3383046 -0.5013241 1 -1 0.1526266 -0.115772
0.2498339 -0.5814033 0.9341495 -1 0.2380293 -0.09053211
0.2516971 -0.5974142 0.9637033 -1 0.1584062 -0.1107897
0.3152788 -0.6702502 1 -1 0.1417453 -0.1519954
0.2757589 -0.6691992 1 -1 0.1620535 -0.07174267
0.2417485 -0.6408384 0.9017257 -1 0.1204224 -0.1208652
0.4426852 -0.5858733 1 -1 0.2167528 -0.1100889
0.311427 -0.692302 1 -1 0.2729913 -0.09249483
0.3262006 -0.7686389 1 -1 0.1569745 -0.1562579
0.4716874 -0.77142 0.9988241 -0.8454646 0.01173207 -0.1701985
0.3131413 -0.7981542 0.9283426 -1 0.1226961 -0.05885233
0.325312 -0.7621513 1 -1 0.1267629 -0.1364112
0.289629 -0.8195851 0.9361247 -1 0.215212 -0.1756285
0.3379396 -0.8192316 1 -1 0.2456213 -0.1621749
0.3995378 -0.8448804 1 -1 0.09747249 -0.1888515
0.3260984 -0.7900776 1 -1 0.1569783 -0.1521843
0.2343024 -0.5144539 0.6272631 -0.8153275 0.1317189 -0.1476579
0.4223893 -0.4613077 0.882061 -0.9928707 0.1753129 -0.2056356
0.2706867 -0.5670794 0.950613 -1 0.2160636 -0.1704856
0.3053331 -0.6349797 1 -1 0.2600687 -0.1815098
0.3039625 -0.6512698 0.9860755 -1 0.2603865 -0.1783617
0.3483193 -0.6397331 1 -1 0.3053864 -0.1482548
0.3662251 -0.6715829 1 -1 0.2558747 -0.1511082
0.2595392 -0.4736904 0.8690946 -1 0.2869094 -0.1044974
0.240387 -0.3961666 0.6728119 -0.8587543 0.2382707 -0.1498785
0.5197203 -0.2577167 0.7294904 -0.2140181 0.2164939 -0.0558466
0.5168639 -0.1964927 0.6468909 -0.05143411 0.2524931 -0.03567958
0.4890471 -0.1944153 0.6163644 0.03466772 0.2975332 0.006907227
0.2279382 -0.3164799 0.4281053 -0.2176372 0.2767444 -0.02131485
0.5711848 -0.2416059 0.7044364 0.03367798 0.2632885 0.01961861
0.1893203 -0.2120039 0.4632983 -0.4885129 0.2425456 -0.02485808
0.5685241 -0.1450763 0.7833005 -0.476909 0.2330252 -0.03380456
0.5056097 -0.1206408 0.6529081 -0.09748794 0.233569 -0.07065209
0.5804653 -0.1195096 0.6453481 0.0271086 0.2104821 -0.03521838
0.2002113 -0.2642537 0.5387654 -0.7809642 0.184636 -0.1524959
0.5226941 -0.155815 0.6232578 -0.1115838 0.2211663 -0.07604902
0.3875627 -0.1063538 0.5908143 -0.1435475 0.3920173 -0.05299054
0.4608116 -0.1096979 0.5421584 0.04899916 0.2912677 -0.07238369
0.1601763 -0.1382981 0.4667895 -0.7651591 0.2189831 -0.1053775
0.2414043 -0.1233903 0.4871487 -0.5041096 0.1959236 -0.1144031
0.2937729 -0.1456822 0.5410019 -0.5971941 0.1986768 -0.1137834
0.5149703 -0.1530316 0.8440265 -0.3740516 0.1033932 -0.1916471
0.1804356 -0.2186742 0.6362396 -1 0.1374713 -0.1638769
0.1808875 -0.1904602 0.5967202 -1 0.1971155 -0.1225384
0.1949865 -0.1473394 0.6856922 -1 0.1515455 -0.2020981
0.4040658 -0.08171372 0.6517373 -0.4859765 0.1926942 -0.04848013
0.4430011 -0.07166156 0.6540948 -0.4238113 0.1874908 -0.1086051
0.4430011 -0.07166156 0.6540948 -0.4238113 0.1874908 -0.1086051
0.2038795 -0.2080698 0.6383985 -1 0.1696072 -0.1262028
0.1880855 -0.28223 0.6987359 -1 0.1842625 -0.08741874
0.1944502 -0.2440044 0.7319353 -1 0.2304312 -0.1156159
0.1822143 -0.2739203 0.7618856 -1 0.2064353 -0.07723852
0.1762899 -0.2425112 0.7322119 -1 0.2204177 -0.1218006
0.1695571 -0.2123584 0.7498534 -1 0.2076091 -0.1077802
0.1533135 -0.1549382 0.5443905 -1 0.2774829 -0.05472685
0.5062189 -0.005637399 0.6134852 -0.1643465 0.2309563 -0.002660486
0.4209104 -0.002708234 0.4797037 0.03698456 0.3847216 0.05947977
0.1812847 -0.101286 0.3967311 -0.3810371 0.3256793 0.06306344
0.2063021 -0.08893449 0.3731582 -0.3395577 0.34059 0.009725335
0.1651498 -0.1618603 0.3834294 -0.4540842 0.2508549 0.02025464
0.2026226 -0.1512033 0.4662182 -0.6591629 0.1645654 -0.07358439
0.210573 -0.2478261 0.4911343 -0.657522 0.1908808 -0.1350137
0.3836401 -0.1508082 0.6153055 -0.2619462 0.2580974 -0.07740664
0.1349103 -0.1414381 0.2832604 -0.3579834 0.3074947 -0.05459214
0.2926402 -0.1626072 0.4796065 -0.2302815 0.2861674 -0.1198063
0.3005874 -0.06830126 0.4517001 -0.208758 0.2778284 -0.09800145
0.185874 -0.1676827 0.3973852 -0.3071349 0.4231875 0.05697975
0.2830194 -0.1019004 0.3444851 -0.0234385 0.354165 0.02632248
0.267693 -0.08327658 0.2621812 0.1865413 0.324888 -0.01980884
0.1321282 0.1533748 0.3080037 -0.3142496 0.3102469 -0.05548977
0.1634242 0.01465914 0.2997047 -0.4600624 0.2908824 -0.08955609
0.2605236 -0.04660482 0.5088145 -0.3595269 0.2055266 -0.03286717
0.3778271 -0.1132979 0.5770634 -0.06503949 0.2833574 -0.01027751
0.305759 -0.1275857 0.452922 -0.03242997 0.2498425 -0.04299275
0.2251502 -0.2775432 0.5014506 -0.2364947 0.1536617 -0.08588546
0.4935032 -0.07539691 0.5424035 0.04718151 0.2065568 -0.1209815
0.5143095 -0.1075611 0.5814888 0.1195491 0.09118851 -0.08042993
0.1760358 -0.2769176 0.4568017 -0.2682593 0.08962094 -0.1394
0.219641 -0.3427626 0.5344183 -0.2443769 0.04299711 -0.1152376
0.246029 -0.212859 0.4971854 -0.4197943 0.1674448 -0.129651
0.1474906 -0.2748599 0.4825404 -0.3881441 0.2313944 -0.06357335
0.321655 -0.2303537 0.4900428 -0.2145743 0.2888523 -0.0798149
0.2842788 -0.2482034 0.463562 -0.2544777 0.2426345 -0.1192331
0.2171522 -0.1798526 0.4018579 -0.2911911 0.2222398 -0.1762229
0.1646315 -0.2814802 0.4328425 -0.4728539 0.2836959 -0.1177137
0.2159237 -0.3241341 0.4778949 -0.3889398 0.2958865 -0.08809824
0.2400264 -0.2867686 0.4297449 -0.1681794 0.3240867 -0.04361751
0.174047 -0.3077421 0.44276 -0.4351295 0.2746176 -0.1137916
0.4508598 -0.2528487 0.6664151 -0.451689 0.2216883 -0.1201464
0.3188777 -0.2828362 0.5587543 -0.3965841 0.2443944 -0.10308
0.175217 -0.3382803 0.4373289 -0.3736657 0.2474852 -0.1430043
0.3623089 -0.4199197 0.6459743 -0.4064906 0.2274759 -0.09290162
0.2246789 -0.5426761 0.6803132 -1 0.203823 -0.1227747
0.2143902 -0.4945527 0.6865167 -0.9095452 0.2325297 -0.09312812
0.2270736 -0.4282335 0.5921786 -0.730607 0.3164988 -0.106462
0.2394914 -0.382726 0.5897294 -0.6490076 0.2059695 -0.1177828
0.352857 -0.4224572 0.7125875 -0.7269371 0.1685537 -0.1608607
0.3294625 -0.501653 0.7264262 -0.9953755 0.2079795 -0.1557955
0.3284805 -0.6032117 0.755926 -0.7340333 0.2514709 -0.07554344
0.323575 -0.6053929 0.7835105 -0.8468071 0.1416131 -0.2022011
0.3427155 -0.7010907 0.8423686 -0.8723065 0.09026372 -0.1469695
0.3087422 -0.6898214 0.8954842 -1 0.08903719 -0.2319557
0.2552591 -0.6562215 0.7235935 -0.5442624 0.08727876 -0.1504781
0.4032585 -0.761481 0.9037391 -0.9480109 0.1215448 -0.1294604
0.4377783 -0.7024651 1 -1 0.1856584 -0.1397738
0.4211719 -0.6645176 0.8690424 -0.9275203 0.2159947 -0.09422594
0.2988495 -0.7204742 0.7605194 -1 0.2187337 -0.08943642
0.4042 -0.572154 1 -1 0.2649565 -0.103175
0.3093814 -0.6695223 0.9925737 -1 0.1953241 -0.09205232
0.3353322 -0.7569098 1 -1 0.1336903 -0.08250654
0.4527404 -0.6712753 1 -1 0.1704166 -0.1685718
0.3121479 -0.7222441 1 -1 0.1346815 -0.1956426
0.371159 -0.7520694 1 -1 0.1122486 -0.1145568
0.290551 -0.6619865 1 -1 0.2118037 -0.05747547
0.2499038 -0.5801765 0.9736698 -1 0.07803258 -0.04876045
0.258268 -0.5263494 0.9180208 -1 0.07114729 -0.09586558
0.216558 -0.4468991 0.8266453 -1 0.08778922 -0.1413223
0.2502122 -0.4665514 0.9705227 -1 0.04998096 -0.1109983
0.2688551 -0.5305976 1 -1 0.1184385 -0.1209915
0.220843 -0.4635617 0.8407625 -1 0.1007767 -0.07276948
0.2134341 -0.5035166 0.8775586 -1 0.02897714 -0.07559695
0.2178539 -0.4582578 0.8875206 -1 0.06579279 -0.1470323
0.4481785 -0.196451 0.9137286 -0.8068141 -0.001777738 -0.1112245
0.23777 -0.4225722 0.8495268 -1 0.07783841 -0.02772829
0.2961407 -0.5050352 0.9987466 -1 0.03463005 -0.09184658
0.2624664 -0.4056184 0.8059617 -1 0.1142524 -0.1553198
0.4609054 -0.3150395 0.95025 -0.7194295 0.1915768 -0.000276828
0.2751553 -0.4353869 0.8572322 -1 0.04600417 -0.0386333
0.2744753 -0.3335815 0.8798423 -1 0.1254702 -0.1291317
0.2468024 -0.3246007 0.8257954 -1 0.1703907 -0.1161103
0.2576523 -0.3179862 0.894292 -1 0.1843872 -0.09564617
0.2980515 -0.4020312 0.9300091 -1 0.1134005 -0.1283551
0.2940924 -0.4996433 0.9042406 -1 0.2040024 -0.2158565
0.4087402 -0.3062221 0.9005222 -0.7492258 0.1177286 -0.1508311
0.2200168 -0.3558039 0.8075973 -1 0.07104412 -0.1729631
0.33633 -0.4340188 0.9671237 -1 0.06879946 -0.1531721
0.246319 -0.3432753 0.9139624 -1 0.106308 -0.1881335
0.5455173 -0.2179499 1 -1 0.08648341 -0.1388922
0.2016114 -0.3354973 0.7794008 -1 0.07607722 -0.1596388
0.2491857 -0.3710411 0.9083304 -1 0.06606085 -0