0.4742998 0.2948349 0.2513274 0.4475555 -0.00562023 -0.07132069
0.4824249 0.3145141 0.28455 0.2914189 0.04752496 -0.01460756
0.09846637 0.1854583 0.08242012 0.009953587 0.05552858 -0.02926696
0.1616347 0.2922617 0.02190386 0.1459875 0.02776457 -0.1311617
0.07558507 0.1727313 0.05860421 -0.113162 0.06424811 -0.1166635
0.1421697 0.2708348 0.03197398 0.1220618 -0.01589631 -0.1241055
0.08283871 0.1923358 0.05270392 -0.2183559 0.1038503 -0.01087994
0.3425799 0.2449843 0.1335328 0.2559798 0.08983365 -0.07187206
0.1230654 0.1308384 0.06444463 0.06393213 0.1242707 -0.02015218
0.1788342 0.2348324 0.03397343 0.1513927 0.06148265 -0.05369074
0.0804415 0.1896632 -0.05212553 0.1165119 0.1611014 -0.1158013
0.2323988 0.2339083 0.04050643 0.2712818 0.08315228 -0.08979757
0.1114867 0.104112 0.09224842 0.02827206 0.1051112 -0.08585817
0.2450719 0.1759366 0.1194784 0.2541593 0.06992961 -0.06905302
0.1470727 0.05377775 0.1010396 0.116107 0.07653806 -0.05453401
0.3592677 0.1474019 0.1426455 0.5407177 0.123338 -0.06224405
0.2802896 0.2431639 0.0998091 0.6252577 0.01921342 -0.02027884
0.1399407 0.06944973 0.1317377 -0.07440453 -0.01142383 -0.03758768
0.1782474 0.2178028 0.07729862 0.1932003 0.02989801 -0.04772427
0.09102021 0.2020027 -0.05146245 0.108178 0.07214811 -0.09934431
0.3876736 0.2608095 0.2587476 0.223106 0.04691614 -0.04884536
0.1245525 0.1422094 0.06377038 0.1894353 0.05529857 -0.1007321
0.3813815 0.3036143 0.2397675 0.467542 0.002447595 -0.08944454
0.1088289 0.1674538 0.06859441 0.03591667 0.03020595 -0.08565132
0.3750762 0.2671332 0.2247641 0.4112656 0.01683017 -0.08167423
0.4200159 0.3378317 0.3115259 0.536164 0.004687033 -0.07386237
0.458623 0.2816627 0.2592172 0.647688 0.08779179 -0.02279874
0.3529803 0.2655374 0.2240407 0.6350048 0.03963291 -0.01711335
0.1059326 0.1246154 0.05464882 0.03304295 0.07449487 -0.07567705
0.3641633 0.2899299 0.255958 0.1039138 0.07511397 -0.09954241
0.3140234 0.2703011 0.1363301 0.4149345 0.06881939 -0.06859226
0.1378941 0.1538469 0.03100735 0.144761 0.05994733 -0.1221229
0.1801038 0.1954855 0.09349436 0.07006159 0.02141052 -0.1504155
0.1504773 0.0484109 0.2081322 -0.2209481 -0.04977553 -0.1137922
0.2019022 0.1137167 0.141782 0.1651489 0.02334395 -0.06562191
0.1242328 0.09741441 0.1288667 -0.1518527 0.08623474 -0.08030855
0.4233286 0.2689754 0.2931951 0.3660175 0.1632438 -0.06797995
0.4632092 0.318942 0.3257242 0.4050073 0.09742363 -0.02074877
0.1436553 0.1005393 0.1708406 -0.03617328 0.0821113 -0.0627811
0.4257476 0.2251864 0.3481826 0.3012554 0.106825 -0.06961718
0.4495463 0.2196312 0.313065 0.5524937 0.2285139 -0.124481
0.5002686 0.1926463 0.3622514 0.4964078 0.2198228 -0.1554476
0.4656358 0.1268153 0.3888908 0.4783919 0.2052019 -0.09432639
0.1612036 0.05043357 0.2082406 0.004383907 0.1796635 -0.1129646
0.5236692 0.1384588 0.385088 0.560686 0.2185884 -0.121074
0.209237 0.0193463 0.207336 0.1397036 0.2526698 -0.05746784
0.4816203 0.0820626 0.3419582 0.3672156 0.2367644 -0.0369668
0.5504221 0.0886891 0.4544498 0.3721967 0.212474 -0.01051925
0.5768704 0.1187258 0.4250626 0.5514138 0.2082287 -0.08742281
0.5823789 0.122244 0.4735634 0.6416509 0.1884844 -0.09753502
0.5500152 0.1118199 0.5302534 0.6810625 0.1301306 -0.09439892
0.5786136 0.09931462 0.5876366 0.3340229 0.1361788 -0.1305156
0.1965294 -0.03166594 0.2525572 -0.01171047 0.1599465 -0.09126569
0.552268 0.08747099 0.3535646 0.6900676 0.2078632 -0.08511725
0.1689269 -0.004621123 0.3584984 -0.6184651 0.2249519 -0.1412048
0.5182155 0.1761849 0.4490868 0.222268 0.2489558 -0.05297167
0.1734186 0.07319532 0.2776819 -0.2357762 0.2029912 -0.1466808
0.5368417 0.1155265 0.5306595 0.2460264 0.2255345 -0.07582565
0.4079477 0.1145511 0.436223 0.1904005 0.2059957 -0.02292943
0.4402412 0.07108472 0.5194775 0.2152544 0.1512348 -0.1703137
0.2582492 -0.01547975 0.4319204 -0.1969524 0.232189 -0.181778
0.3486097 0.03352187 0.4635012 -0.1885289 0.2026331 -0.08282353
0.3432681 0.001698925 0.5453236 -0.2688886 0.2207217 -0.07638445
0.5301906 0.001959261 0.7177474 -0.2457077 0.1626084 -0.1356053
0.5721512 0.09448924 0.5611919 0.2341293 0.1878589 -0.1802161
0.6232643 0.2035262 0.5011219 0.6274206 0.1795302 -0.2049944
0.6287905 0.2404913 0.4530129 0.6493787 0.2659043 -0.1145031
0.1630155 -0.0179226 0.2803277 -0.1950785 0.310985 -0.1285548
0.400621 0.02754253 0.420503 0.09547568 0.2485328 -0.07973082
0.1908194 -0.107428 0.3882928 -0.5805622 0.2355463 -0.1163947
0.3414787 -0.09720291 0.5224503 -0.3511362 0.2083532 -0.1069802
0.1759424 -0.1579099 0.4331196 -0.4984721 0.1612254 -0.1960848
0.6119323 0.05312906 0.6223769 0.1326553 0.1907426 -0.2013308
0.612469 0.01008899 0.634317 0.1346942 0.2356761 -0.06017116
0.1716089 -0.08962886 0.3797987 -0.4739536 0.2113693 -0.136615
0.5638521 0.01006801 0.6160689 -0.1165044 0.2242958 -0.1514893
0.5602522 -0.006152219 0.6189842 0.05573114 0.262539 -0.179992
0.1829939 -0.1331095 0.4631153 -0.5111527 0.2183537 -0.2089712
0.388549 -0.120673 0.6076449 -0.393124 0.1986132 -0.1568604
0.1815498 -0.1526857 0.5248979 -0.8316337 0.1658346 -0.2070519
0.3344399 -0.03330813 0.4279789 -0.2343368 0.1946916 -0.1973192
0.1814968 -0.1755371 0.5406343 -0.6910121 0.220702 -0.1023385
0.5861229 -0.02143845 0.6806355 0.03169899 0.1659725 -0.1346916
0.5659686 0.07072586 0.5746521 0.4368789 0.243417 -0.0789484
0.160047 -0.0536305 0.3591704 -0.4080876 0.2455442 -0.046533
0.6515299 0.1215201 0.6152471 0.1577625 0.2430772 -0.158354
0.623063 0.07985176 0.5937779 0.4979305 0.2037485 -0.1378361
0.6485891 0.099294 0.5945497 0.2665147 0.169004 -0.1036354
0.5977817 0.1696962 0.5234703 0.2344478 0.2847067 -0.04299816
0.5022994 0.3931572 0.2466061 0.5895607 0.3162016 -0.1287575
0.08343785 0.1334234 0.2838476 -0.48247 0.2673742 -0.2070222
0.5919824 0.2548441 0.5542985 0.4894026 0.2641806 -0.1965473
0.5689207 0.1848686 0.4928152 0.5447157 0.2931371 -0.1823548
0.2052674 -0.1043978 0.3098132 -0.1785622 0.226124 -0.2122623
0.5513719 -0.03116882 0.6202943 0.2049123 0.2481703 -0.2187759
0.2471406 -0.2097677 0.4599106 -0.4710447 0.2625833 -0.1773173
0.3438201 -0.1739498 0.4330692 -0.1380847 0.2482471 -0.1946773
0.5364541 0.03479639 0.5074482 0.5618916 0.360611 -0.0957246
0.2240359 -0.1638471 0.3872726 -0.274861 0.24698 -0.1662021
0.3260085 -0.1493188 0.4037627 -0.1345327 0.262034 -0.1500374
0.2431137 -0.1826547 0.4782546 -0.5326302 0.2364745 -0.1820903
0.3637837 -0.1577227 0.5319376 -0.4185508 0.2664745 -0.1756369
0.5925269 -0.03490686 0.6238092 0.2689495 0.2720402 -0.1837317
0.6309745 0.01160756 0.5941284 0.5346745 0.2274631 -0.1847395
0.6153868 0.04016344 0.5482334 0.6223941 0.2527862 -0.1578987
0.2884953 -0.2545651 0.407448 -0.3035475 0.2268381 -0.2235838
0.3610551 -0.1609263 0.4317397 -0.1806655 0.1579506 -0.2243738
0.269078 -0.2349498 0.4805578 -0.5596182 0.1773114 -0.1478609
0.4576168 -0.1582057 0.5754333 -0.04417327 0.2400235 -0.1350982
0.5822523 -0.1657872 0.6429595 0.2753173 0.2581198 -0.09810022
0.6554051 -0.1192891 0.5846414 0.6544522 0.2773535 -0.08110242
0.360908 -0.5156808 1 -1 0.2061472 -0.1687686
0.3996616 -0.6441152 1 -1 0.2766313 -0.1040914
0.3803588 -0.6738877 1 -1 0.2790591 -0.2466846
0.3711103 -0.6639951 1 -1 0.216303 -0.2609731
0.3858494 -0.6976029 1 -1 0.2444773 -0.2640919
0.4292748 -0.7292587 1 -1 0.4040285 -0.1655004
0.4443375 -0.7776392 1 -1 0.3391643 -0.1703242
0.4392957 -0.7637529 1 -1 0.2288273 -0.1784244
0.5204465 -0.788245 1 -1 0.1443719 -0.2048397
0.6021292 -0.6664948 1 -0.9533949 0.1261215 -0.215346
0.4343184 -0.8106291 1 -1 0.1046154 -0.2646143
0.5976962 -0.6199138 1 -1 0.1282565 -0.199961
0.3889677 -0.6586096 1 -1 0.1622397 -0.2442695
0.4235413 -0.7313012 1 -1 0.124579 -0.2539322
0.4408489 -0.8066407 1 -1 0.2176204 -0.1803191
0.3790803 -0.8172362 1 -1 0.1371569 -0.1688162
0.4108042 -0.8802486 0.9814739 -1 0.1078822 -0.1651533
0.4006415 -0.8909413 1 -1 0.1994025 -0.1909754
0.3758046 -0.8546348 1 -1 0.1393211 -0.2079758
0.5001125 -0.7799292 1 -0.9918665 0.2026666 -0.1418311
0.4117457 -0.8509309 1 -1 0.1714823 -0.159396
0.3076016 -0.8651807 0.9827278 -1 0.1827595 -0.1746128
0.5181462 -0.8112853 1 -1 0.2619102 -0.1800401
0.2767937 -0.8189834 0.9589648 -1 0.2743339 -0.1118291
0.2931527 -0.7884483 1 -1 0.1756251 -0.1265407
0.3211117 -0.8788947 1 -1 0.1737126 -0.1414676
0.2703673 -0.8150202 1 -1 0.1558708 -0.1466448
0.3520551 -0.7662587 1 -1 0.1869382 -0.1370554
0.3509479 -0.7869494 1 -1 0.1741334 -0.1020493
0.3440004 -0.8630745 1 -1 0.1810645 -0.0777503
0.3028702 -0.8543249 0.9834478 -1 0.1451031 -0.1908348
0.3246062 -0.8802963 1 -1 0.1137875 -0.210983
0.3334881 -0.9087527 1 -1 0.05046532 -0.2235785
0.2850282 -0.9074329 1 -1 0.1885132 -0.04049935
0.2929899 -0.9012519 0.9945613 -1 0.08659772 -0.08162528
0.2929899 -0.9012519 0.9945613 -1 0.08659772 -0.08162528
0.2968449 -0.8765489 1 -1 -0.04261909 -0.1811802
0.2968479 -0.8369153 1 -1 -0.007169664 -0.2359333
0.2931355 -0.7302293 0.8576644 -1 0.07949101 -0.152617
0.2753184 -0.7202294 0.735832 -1 0.1468114 -0.1639932
0.2695331 -0.6369491 0.7343518 -1 0.1693372 -0.1405755
0.2556259 -0.6727214 0.7445021 -1 0.1583591 -0.1242203
0.2641822 -0.5786792 0.4973826 -0.2880139 0.2147803 -0.1479783
0.1954631 -0.4848808 0.4205106 -0.1641607 0.1697189 -0.1231
0.2197563 -0.4918304 0.3388661 0.2059293 0.1685605 -0.2241982
0.2360593 -0.5284671 0.2795427 0.2511307 0.2020859 -0.1756905
0.2245274 -0.55131 0.3134861 0.2317849 0.1636204 -0.1487768
0.2045336 -0.4793346 0.2775743 0.1746795 0.164182 -0.176712
0.2259112 -0.5325888 0.338057 0.1492608 0.1831181 -0.1562013
0.1976711 -0.4137472 0.2802596 -0.05832984 0.2841651 -0.1735951
0.2351405 -0.4810282 0.2876577 0.118175 0.2495461 -0.1884711
0.2232396 -0.4865067 0.3179251 0.131915 0.2388599 -0.1963981
0.2910707 -0.5534518 0.3993112 0.2103356 0.1670198 -0.2554972
0.2518184 -0.5520692 0.3249591 0.2221957 0.1511623 -0.2247
0.2095072 -0.529741 0.4113336 -0.03442595 0.1269802 -0.2344369
0.1610375 -0.2849253 0.2358585 0.1045922 0.253267 -0.2584633
0.1295873 -0.2302237 0.2932395 0.0004515629 0.2765182 -0.2467139
0.1859738 -0.3600017 0.3177877 -0.07683429 0.2290351 -0.232526
0.1596005 -0.2620007 0.1586232 0.1856481 0.291181 -0.2224826
0.1835918 -0.3403163 0.2472468 0.09015457 0.2768321 -0.2058565
0.2939492 -0.3705378 0.439421 0.3301435 0.2396122 -0.238722
0.222001 -0.3555741 0.2770605 0.1013378 0.1837474 -0.2056084
0.2055647 -0.3528602 0.2798238 0.08307764 0.2162511 -0.1981111
0.2055647 -0.3528602 0.2798238 0.08307764 0.2162511 -0.1981111
0.2447082 -0.4594781 0.3830744 0.06871415 0.1605356 -0.1893681
0.2206205 -0.4748219 0.3806067 -0.02209775 0.1913529 -0.1907191
0.1954023 -0.4284173 0.3608732 -0.08631508 0.1806262 -0.2195323
0.1954496 -0.3691077 0.3162602 -0.08665945 0.265589 -0.1831341
0.1588776 -0.3595697 0.3951418 -0.4442746 0.2347025 -0.16392
0.1758551 -0.3472591 0.4662625 -0.5519161 0.1504973 -0.1840025
0.1488296 -0.3090697 0.4323851 -0.3875843 0.2161207 -0.1110697
0.1854981 -0.2927082 0.3619655 -0.2468837 0.1888381 -0.1712276
0.2011459 -0.3020963 0.5891998 -0.864315 0.1800424 -0.2244262
0.186519 -0.2799545 0.6115936 -1 0.2142886 -0.1571397
0.4481776 -0.132435 0.7133924 -0.5977992 0.2058001 -0.136373
0.1562297 -0.2118191 0.5218125 -0.9495859 0.2169666 -0.2017757
0.1562297 -0.2118191 0.5218125 -0.9495859 0.2169666 -0.2017757
0.1418476 -0.2692412 0.5423818 -0.958591 0.2044692 -0.1584842
0.1430949 -0.2560113 0.5261873 -0.9893061 0.1993977 -0.09046242
0.1430949 -0.2560113 0.5261873 -0.9893061 0.1993977 -0.09046242
0.1406473 -0.2682055 0.5682924 -1 0.2307989 -0.04724292
0.2629487 -0.3665992 0.7366771 -0.9439962 0.1480735 -0.04720775
0.2610378 -0.3708665 0.8444438 -1 0.1117895 -0.08682489
0.2228423 -0.4329837 0.8432633 -1 0.09392357 -0.06519649
0.1917773 -0.4967781 0.7217435 -1 0.1317485 -0.02946473
0.1930017 -0.4698224 0.7129776 -1 0.1145495 -0.0542828
0.1906143 -0.4671377 0.6966919 -1 0.1862983 -0.0507959
0.2069652 -0.3682529 0.5953557 -0.8643923 0.2119035 -0.04519147
0.2178698 -0.3479351 0.7018365 -1 0.1694971 -0.07094377
0.1882498 -0.4069113 0.7678723 -1 0.2131613 -0.1027914
0.2650664 -0.2654462 0.5651839 -0.6360956 0.1622967 -0.0753159
0.2055262 -0.3114841 0.7220996 -0.809366 0.1714298 -0.09615855
0.3545442 -0.273453 0.7314807 -0.5261419 0.1642001 -0.1690945
0.3611608 -0.3033006 0.7399287 -0.5289143 0.2167656 -0.1367593
0.284571 -0.4321883 0.7501025 -0.8766463 0.2327299 -0.1305643
0.3554089 -0.4721228 0.8154073 -0.8010322 0.2530404 -0.1527131
0.4272272 -0.4759273 0.8165753 -0.5460711 0.2369283 -0.1513176
0.3983678 -0.4325087 0.7658494 -0.5327317 0.2005582 -0.165624
0.3059101 -0.5117009 0.826678 -0.9047222 0.2296111 -0.1421686
0.2820554 -0.5643129 0.9389303 -1 0.2233963 -0.1215866
0.2843974 -0.5594814 0.9213495 -1 0.2249864 -0.1073896
0.2861664 -0.6731695 0.902778 -0.8654152 0.1768471 -0.1372923
0.266654 -0.6718451 0.878236 -1 0.2112147 -0.1526419
0.5027679 -0.567148 1 -1 0.2171352 -0.1195486
0.5221848 -0.5659501 1 -1 0.2231875 -0.136526
0.3654193 -0.6174642 1 -1 0.2276554 -0.11699
0.3732354 -0.6104729 1 -1 0.1725712 -0.1325635
0.2983236 -0.6375647 1 -1 0.2189791 -0.1356602
0.2654642 -0.6394346 0.9902264 -1 0.1794323 -0.1640165
0.2688552 -0.6542749 0.9845181 -1 0.2283013 -0.07764784
0.2885662 -0.7214341 0.9806821 -1 0.2157036 -0.03984575
0.2512171 -0.7265061 0.9777766 -1 0.2109664 -0.04301856
0.2776744 -0.7032564 0.9630891 -1 0.3031016 -0.02016675
0.4153976 -0.6042922 0.8926346 -0.6996053 0.4050448 -0.004262934
0.2830994 -0.7256254 0.9611002 -1 0.3590031 0.001391365
0.2622176 -0.6439288 0.8943789 -1 0.2509172 -0.03416993
0.2572479 -0.6299362 0.898507 -1 0.3155812 -0.007486098
0.2378133 -0.5239262 0.8722351 -1 0.2893683 -0.01121762
0.320209 -0.5050734 0.9433933 -1 0.3294007 -0.03932527
0.2711895 -0.5217158 0.7539159 -0.7511129 0.383707 0.03421609
0.2328384 -0.5490668 0.7784126 -1 0.3959552 -0.004182094
0.3396322 -0.5500395 0.8182049 -0.7325097 0.3689517 -0.005747577
0.3327752 -0.5825361 0.8495641 -0.7910255 0.3538389 0.01168955
0.3524347 -0.6071625 0.8356199 -0.4960716 0.3670585 0.06110572
0.4072099 -0.6480381 0.8320528 -0.4008712 0.2992004 -0.04574523
0.2695423 -0.6918771 0.7565224 -0.6447383 0.3546311 0.03668404
0.2690606 -0.6725592 0.7622509 -0.8065608 0.3882476 0.04275806
0.2594864 -0.6562623 0.7456306 -0.8847913 0.3895932 0.03101889
0.2600318 -0.6492521 0.7891391 -0.8516119 0.4030499 0.03914483
0.3084477 -0.5921614 0.8143667 -0.8244654 0.4147057 0.03672821
0.2875451 -0.660686 0.8838719 -1 0.2685015 -0.02557083
0.4028077 -0.5933276 0.7789131 -0.4862314 0.3175868 0.02453537
0.390705 -0.6950247 0.8636772 -0.5912282 0.2727066 -0.02342711
0.2407909 -0.6890238 0.9033175 -1 0.3535838 0.02040953
0.3873253 -0.5924569 0.8500761 -0.6809746 0.2871656 0.01087151
0.2655285 -0.5388661 0.7275608 -0.785362 0.3215522 -0.03118852
0.4184144 -0.5610589 0.8260257 -0.3641582 0.3212514 0.003695335
0.4252157 -0.5174872 0.7997232 -0.3034168 0.2336206 -0.09313835
0.277811 -0.6070738 0.7799079 -0.5800797 0.3806207 -0.03755588
0.3885871 -0.5949273 0.8008945 -0.4217497 0.3959424 0.004421333
0.4249762 -0.5808085 0.8928086 -0.2050109 0.3659056 -0.01864312
0.4331113 -0.6145808 0.7701365 0.1481391 0.4433769 0.04134379
0.3753237 -0.6139973 0.7260987 0.2587643 0.4084625 -0.06326783
0.5274314 -0.5648387 0.8715618 0.2044355 0.3796479 -0.0727478
0.3787915 -0.598749 0.7388138 0.270813 0.4056768 -0.08437674
0.4176249 -0.5922192 0.7794321 0.2956257 0.2817258 -0.122084
0.3620503 -0.6867657 0.6758076 0.286501 0.2693409 -0.137584
0.4694826 -0.7152083 0.7718896 0.2750817 0.2841009 -0.1195698
0.4464821 -0.706304 0.7573155 0.1662124 0.2750253 -0.0791091
0.6072535 -0.6928113 0.9762212 -0.3666138 0.2818326 -0.1107514
0.2991888 -0.7042326 0.9898204 -1 0.2482935 -0.1854437
0.3310337 -0.8053139 1 -1 0.3190502 -0.1582296
0.3925624 -0.7656556 1 -1 0.2656645 -0.06456575
0.3455929 -0.8324829 1 -1 0.1845923 -0.07057828
0.3426149 -0.8508568 1 -1 0.1804699 -0.04194701
0.3113695 -0.8128545 1 -1 0.1621464 -0.06028467
0.4687498 -0.682875 1 -1 0.1184816 -0.08806878
0.4151883 -0.6348039 1 -1 0.1559362 -0.05263319
0.4090422 -0.616604 1 -1 0.155325 -0.04667666
0.4227249 -0.6180921 1 -1 0.1822489 -0.03010875
0.4470934 -0.5676531 1 -1 0.1402985 -0.05552694
0.4293764 -0.486493 1 -1 0.1562788 -0.08911809
0.2615483 -0.5784953 0.86