0.2262495 -0.1428439 0.177971 0.5012547 -0.255257 -0.05426209
0.1949736 -0.04831801 0.158822 0.7155433 -0.2346929 -0.1109075
0.1927535 -0.02627104 0.2546526 0.4049553 -0.1726912 -0.03939396
0.1801382 -0.08737904 0.149119 0.3257774 -0.2198662 -0.08982643
0.1283299 -0.1825114 0.147954 0.2581996 -0.2403128 -0.09423459
0.1645598 -0.2080294 0.1532398 0.3245349 -0.1056225 0.00341297
0.1636415 -0.0550174 0.1144348 0.4234508 -0.08824719 -0.06004073
0.1655587 -0.2279177 0.1961246 0.3395314 -0.1988672 -0.04340369
0.1629005 -0.2817345 0.2850559 0.2948158 -0.2190785 -0.06604362
0.2140552 -0.2472361 0.189573 0.2755676 -0.2014931 -0.08860414
0.1492005 -0.1742962 0.1030943 0.447132 -0.2395626 -0.08679751
0.1624138 -0.2056522 0.0783387 0.3961985 -0.2673229 -0.08507366
0.1853325 -0.09814689 0.1909967 0.3868493 -0.1988809 -0.09672818
0.1747201 -0.1009693 0.1278079 0.3809839 -0.1434911 -0.0900802
0.1765872 -0.08621296 0.2104918 0.353864 -0.1148992 -0.09269516
0.2109162 -0.108211 0.2035293 0.4299983 -0.1353417 -0.0549926
0.2149481 -0.1552539 0.1940099 0.4108593 -0.1776945 -0.02444229
0.1923782 -0.1025491 0.2226205 0.424533 -0.1451892 -0.06074215
0.1943483 -0.02033304 0.03752065 0.360294 -0.1047219 -0.08024057
0.128474 -0.1212378 0.1055597 0.3221468 -0.1551944 -0.04440321
0.1951189 -0.1081335 0.1657743 0.3149583 -0.1791696 -0.0218349
0.1206266 -0.08483199 0.06788294 0.2864588 -0.03312118 -0.004959401
0.1565947 -0.1973434 0.1501873 0.3220325 -0.1798922 -0.05244659
0.2066341 -0.1442169 0.1790512 0.3733683 -0.1583461 -0.01751693
0.1872761 -0.09545439 0.151585 0.3222164 -0.1049056 -0.02512369
0.1807009 -0.07371905 0.1340163 0.2914192 -0.1267623 0.0008985951
0.1952233 -0.05460547 0.08719561 0.3367921 -0.09871304 -0.0008557294
0.1759748 -0.2320238 0.1473368 0.5363858 -0.08464844 -0.01958967
0.1626198 -0.04875056 0.0576195 0.4968749 -0.1261738 -0.08990218
0.1930712 -0.03330222 0.1771686 0.4541024 -0.04311857 -0.04045945
0.2029472 -0.01454453 0.03509582 0.5164909 -0.01724161 -0.01456083
0.1910063 -0.06187495 0.2974505 0.4479307 -0.1117543 0.04353971
0.1676145 -0.02586414 0.1628299 0.4769179 -0.1636763 -0.01353836
0.2029663 -0.04229733 0.1011576 0.4287883 -0.1318456 -0.03212919
0.1491667 -0.07032541 0.11717 0.4289557 -0.174665 0.00062664
0.1872916 -0.09148704 0.2291759 0.4335524 -0.1353166 0.02631553
0.1824271 -0.07053495 0.1423765 0.4690325 -0.02058692 0.02141173
0.1622728 -0.1839184 0.1750714 0.5777141 -0.1333296 -0.0310738
0.1777925 -0.1459682 0.1169737 0.3703062 -0.1256265 -0.06480394
0.1744131 -0.08679967 0.2076976 0.4358879 -0.123431 -0.0262634
0.2044503 -0.1381439 0.1596796 0.5295866 -0.07015204 0.03295025
0.1545391 -0.1792927 0.1117678 0.4781682 -0.0445179 -0.04500407
0.187701 -0.04500301 0.09739514 0.4674161 -0.06329453 -0.06878348
0.2003037 -0.07130082 0.1479941 0.4398842 -0.1164565 -0.02686435
0.1997457 -0.03650989 0.1251684 0.4331774 -0.1136731 -0.02069532
0.2324796 -0.07170501 0.1899549 0.469296 -0.1671805 -0.00609277
0.2101395 -0.1216171 0.1325378 0.4685778 -0.2187312 -0.008135254
0.186945 -0.09444284 0.1515814 0.3867202 -0.1439398 0.0009709763
0.1921768 -0.06832078 0.1236008 0.4977555 -0.1945912 -0.02486205
0.1474106 -0.1019064 0.05586696 0.4737889 -0.1833051 -0.07327253
0.2001448 -0.110755 0.2184041 0.3447255 -0.1691447 -0.01669683
0.1000321 -0.07138116 0.1519287 0.3754634 -0.1338641 -0.07349569
0.1870952 -0.1221556 0.1921128 0.3892073 -0.179708 -0.07603212
0.18111 -0.1348268 0.1819785 0.4267242 -0.155459 -0.087391
0.168339 -0.03796548 0.06288623 0.4197622 -0.1629781 -0.09876498
0.1779617 -0.05774189 0.1384047 0.452574 -0.1471891 -0.09691595
0.2104194 -0.08960549 0.1499818 0.3973836 -0.1941046 -0.01095347
0.2247568 -0.1224861 0.1577654 0.4422338 -0.1615127 -0.04813564
0.2067562 -0.1225997 0.1550982 0.453933 -0.1301255 -0.1172293
0.2073193 -0.07078339 0.2017924 0.4852705 -0.1049776 -0.04811523
0.2121774 -0.06885491 0.24224 0.4157123 -0.1345255 -0.09379927
0.1700663 -0.1701456 0.1776488 0.3559539 -0.2067087 -0.1118983
0.2109312 -0.1802025 0.2247005 0.4298622 -0.1725491 -0.07498616
0.186537 -0.1065649 0.1228734 0.2906419 -0.1437655 -0.04308019
0.178987 -0.05745748 0.08061288 0.3754957 -0.100004 -0.07589455
0.1107836 -0.04370311 0.08090827 0.3276881 -0.09406137 -0.1628057
0.1222478 -0.03600781 0.2035207 0.184065 -0.06496206 -0.2120244
0.2026273 0.003906163 0.1143247 0.3761072 0.02220156 -0.228255
0.1424677 -0.06320768 0.1632235 0.4741003 0.02704142 -0.2138514
0.2399169 -0.05916316 0.2185214 0.4081177 -0.04739148 -0.2009965
0.2936539 -0.01424677 0.1465206 0.4618885 -0.02768594 -0.2155901
0.1581088 -0.144797 0.1445235 0.1061096 0.07617342 -0.1328084
0.1896968 -0.09915306 0.2147999 0.1063176 0.07499542 -0.1482343
0.1317779 -0.1482163 0.1458492 0.2110749 0.1442975 -0.1531288
0.1293062 -0.1332212 0.1423298 0.05448678 0.1398429 -0.1666323
0.1293062 -0.1332212 0.1423298 0.05448678 0.1398429 -0.1666323
0.1639936 -0.1164195 0.1218254 0.1632856 0.1373439 -0.1284062
0.1535872 -0.1630189 0.1999265 0.03682053 0.123012 -0.1085929
0.1809257 -0.1803623 0.2244544 0.166441 0.0831205 -0.1621008
0.1454178 -0.2306926 0.2233828 -0.05931626 0.07907794 -0.1447719
0.1529791 -0.2109653 0.1712716 -0.01875153 0.104117 -0.1210942
0.264209 -0.1446402 0.1615977 0.1897196 0.1175863 -0.1145395
0.153257 -0.1558373 0.1775901 0.1598411 0.119668 -0.1130831
0.1808864 -0.139038 0.2532413 0.05476537 0.1381302 -0.1282412
0.1287308 -0.1313181 0.2421116 -0.0322495 0.1624396 -0.09848075
0.2109825 -0.142991 0.3464521 -0.05451828 0.1549084 -0.09891269
0.1592065 -0.1800564 0.2229671 -0.008085671 0.2074544 -0.05313867
0.1545294 -0.1846529 0.2021029 0.06762121 0.1898404 -0.1488003
0.2576205 -0.1705972 0.1621031 0.1850725 0.0998356 -0.1240551
0.1356615 -0.1962101 0.05941666 0.02072226 0.2154136 -0.140875
0.150443 -0.1184934 0.005713172 0.1185783 0.2013778 -0.1512692
0.1284077 -0.1081099 0.1485693 -0.1518007 0.2188199 -0.1735889
0.2759046 -0.06549627 0.2293954 -0.03222353 0.1929822 -0.1690784
0.1629454 -0.1196587 0.2239648 -0.1108601 0.1869186 -0.1489975
0.3083968 0.05875411 0.2535521 0.2146736 0.2464401 -0.1421747
0.1451235 -0.01871207 0.1390039 0.1050586 0.2722174 -0.1432762
0.2258065 0.146009 0.1024729 0.217804 0.2735433 -0.1721311
0.1384345 0.007336617 0.1643989 0.1049802 0.3065912 -0.1446774
0.2460498 0.04552788 0.1209011 0.1487713 0.2360212 -0.137114
0.1201877 -0.03074322 0.09026598 -0.1046093 0.2132138 -0.1419232
0.1799433 0.04374705 0.05393245 0.04920051 0.2813922 -0.08562391
0.09801706 -0.005387626 0.1193545 -0.2221914 0.301368 -0.09815624
0.2453075 0.09169279 0.1711207 -0.0256216 0.225348 -0.1347983
0.124214 0.09539045 0.08240485 -0.0002752608 0.2676862 -0.1373956
0.2420896 0.1088046 0.1558913 0.0993026 0.2443048 -0.08880281
0.1023747 -0.003111581 0.08262911 -0.08515457 0.2937473 -0.1056739
0.2080287 0.04923647 0.1182601 0.01447869 0.2279524 -0.1011685
0.1004248 0.04252507 0.07550853 -0.08717453 0.2544924 -0.1194948
0.172478 0.09194718 0.01796982 -0.02100174 0.3141316 -0.07462545
0.1038775 0.00647657 0.07298984 0.00155528 0.2737321 -0.1032067
0.1732689 0.06209149 0.09275808 0.03259168 0.2418916 -0.1217369
0.09994068 -0.0132133 0.04367111 -0.1219395 0.2856998 -0.1142103
0.2489161 0.04484577 0.1556232 0.1177633 0.2038586 -0.08022604
0.1230723 -0.05737644 0.1011082 -0.1260919 0.2141808 -0.070564
0.1996858 -0.01228834 0.1544733 0.00203757 0.1499285 -0.1286813
0.1399114 -0.06309123 0.06659985 0.03662878 0.2418607 -0.1133474
0.2630027 -0.02635528 0.1766316 0.1393363 0.2775045 -0.02163507
0.1807828 -0.1790111 0.1689046 0.01477615 0.2200612 -0.09105626
0.2874367 -0.09567197 0.1543531 0.1890994 0.1489508 -0.102675
0.1479977 -0.04913124 0.008173827 0.1063868 0.2086452 -0.1526143
0.1872065 -0.03316713 0.09131327 0.1864624 0.2398057 -0.1124672
0.1580086 -0.1264485 0.1464266 0.03758042 0.2576773 -0.09561475
0.2171145 -0.09949527 0.1855297 0.005232396 0.1975012 -0.09467337
0.2069821 -0.1562851 0.1755123 -0.03705938 0.2439931 -0.1339456
0.2413011 -0.1597206 0.2402729 0.02988387 0.2489011 -0.08958031
0.172903 -0.168964 0.2259455 -0.01505993 0.2249939 -0.08912934
0.2538192 -0.08908167 0.2272836 0.1030678 0.2112854 -0.05565809
0.190606 -0.132304 0.2027601 0.1138452 0.1911924 -0.07271855
0.2859827 -0.05871476 0.1851438 0.2346758 0.1410944 -0.07060253
0.1691314 -0.1489661 0.1872356 0.004691288 0.1799359 -0.05255368
0.2174795 -0.1405878 0.1860934 -0.0006867666 0.1264106 -0.04105235
0.1501326 -0.1913942 0.1313756 -0.03687644 0.2403083 0.02922323
0.262903 -0.1140247 0.1928839 0.1078294 0.2196196 0.04825038
0.1028939 -0.1389562 0.159982 -0.06851406 0.1942849 -0.00804848
0.2426291 0.06440068 0.2070848 0.07414728 0.1765014 -0.02648195
0.1276252 -0.0129063 0.1811481 -0.08231333 0.1766652 -0.03559535
0.2502063 0.02942295 0.1910468 0.1072098 0.2234526 -0.01478255
0.1739044 -0.09177797 0.1117858 0.1241093 0.1987699 -0.08657505
0.2747598 -0.04670075 0.2710015 0.1307505 0.1698526 -0.05945358
0.309157 -0.01253388 0.2101837 0.418211 0.2162932 -0.01185076
0.1805632 -0.0566274 0.1515929 0.1443413 0.1876495 -0.04548971
0.2715409 0.005684729 0.1959387 0.3364547 0.2130191 -0.01059668
0.1886291 -0.08812173 0.1734693 0.07932951 0.1938842 -0.004583696
0.2899102 -0.07682551 0.2684727 0.1803618 0.2079394 0.03464203
0.3382755 -0.06970665 0.2811607 0.3025045 0.1401132 -0.02652053
0.1550906 -0.172834 0.1978395 0.03944895 0.2263566 -0.01383127
0.3310502 0.02975146 0.2143274 0.358279 0.2622024 -0.01980445
0.3437612 0.03708224 0.2104214 0.1757502 0.2533804 -0.01583872
0.1600785 -0.05136069 0.1248584 -0.1327851 0.2382065 -0.08032335
0.3040239 0.006642028 0.2400434 0.06845883 0.1993225 -0.09385863
0.1163116 -0.07306122 0.2000853 -0.2428763 0.2429961 -0.07480469
0.235109 -0.04627324 0.2359687 -0.2775373 0.2545411 -0.06972443
0.1900586 -0.1133358 0.1626007 -0.2113939 0.2287694 -0.05240715
0.2582077 -0.09377493 0.2376627 0.08061635 0.1988753 -0.07422666
0.1123353 -0.1199655 0.1400655 -0.0275033 0.26263 -0.04638716
0.2258067 -0.02538655 0.09651583 0.1350726 0.2580444 -0.03513795
0.1349213 -0.06403069 0.01158112 0.07870971 0.3064454 -0.02248948
0.1954115 -0.06800734 0.1866779 0.1025352 0.2179906 -0.07995065
0.2541478 -0.09614173 0.2755637 0.07077983 0.2268479 -0.004631147
0.2103811 -0.1255405 0.1302406 0.158839 0.2346914 -0.04247006
0.299497 -0.07758445 0.1755853 0.07651243 0.2212603 -0.05530186
0.1728257 -0.1077643 0.1767679 -0.1185011 0.235372 -0.0837006
0.1518327 -0.1135365 0.2025129 -0.1241213 0.2301102 -0.0704319
0.1518327 -0.1135365 0.2025129 -0.1241213 0.2301102 -0.0704319
0.1518327 -0.1135365 0.2025129 -0.1241213 0.2301102 -0.0704319
0.280093 -0.09729426 0.3103883 0.0450671 0.2398513 0.02032495
0.2230462 -0.1815667 0.315731 -0.02109605 0.1956206 -0.02499015
0.2417022 -0.1223324 0.2783044 -0.09594339 0.2135622 -0.06903858
0.1933603 -0.1468111 0.312078 -0.07711386 0.2676913 -0.02569352
0.2139354 -0.2227813 0.3438371 -0.1236954 0.2191922 -0.0392365
0.154673 -0.2506854 0.2542128 -0.1421807 0.241027 -0.04444669
0.1388409 -0.2903749 0.2958095 -0.2104501 0.1978857 0.006712831
0.1469618 -0.2969702 0.2574865 -0.2279506 0.1838801 0.003709229
0.1029964 -0.2497288 0.1767685 -0.2329812 0.2300627 -0.02291887
0.1029964 -0.2497288 0.1767685 -0.2329812 0.2300627 -0.02291887
0.1029964 -0.2497288 0.1767685 -0.2329812 0.2300627 -0.02291887
0.1044448 -0.2338769 0.1790889 -0.1750515 0.1897369 -0.03546028
0.1053156 -0.2368384 0.1883669 -0.142375 0.1901121 -0.01496529
0.1053156 -0.2368384 0.1883669 -0.142375 0.1901121 -0.01496529
0.1053156 -0.2368384 0.1883669 -0.142375 0.1901121 -0.01496529
0.1053156 -0.2368384 0.1883669 -0.142375 0.1901121 -0.01496529
0.1053156 -0.2368384 0.1883669 -0.142375 0.1901121 -0.01496529
0.1029349 -0.242119 0.1619564 -0.1681419 0.1649619 -0.04993482
0.1197931 -0.3195486 0.2508475 -0.2335891 0.08243752 -0.06367931
0.1116987 -0.3211511 0.2314713 -0.2628287 0.1121465 -0.02431663
0.1116987 -0.3211511 0.2314713 -0.2628287 0.1121465 -0.02431663
0.1116987 -0.3211511 0.2314713 -0.2628287 0.1121465 -0.02431663
0.1044786 -0.305811 0.186912 -0.2668609 0.1605054 -0.007404029
0.1169325 -0.3100098 0.2641177 -0.252447 0.1194454 -0.0252397
0.124345 -0.3181658 0.2474934 -0.260229 0.132