0.2642058 -0.2065551 0.3408769 -0.2565624 0.2759126 -0.07696876
0.1157776 -0.2506046 0.2446166 -0.2979774 0.2918302 -0.02917927
0.1075206 -0.2783935 0.3033365 -0.459015 0.2882369 -0.03644691
0.1187728 -0.2788117 0.2651902 -0.3444256 0.271358 -0.05399682
0.1134481 -0.2823292 0.2635801 -0.3562908 0.2615739 -0.06356726
0.1152152 -0.2881193 0.2718365 -0.3198276 0.2632922 -0.07000589
0.1482404 -0.342357 0.3306627 -0.3058403 0.1835931 0.009393411
0.1502697 -0.3563635 0.2987249 -0.2188225 0.214865 0.01060159
0.2654282 -0.3112829 0.3538131 -0.06009084 0.1954967 -0.01682964
0.1500073 -0.2837809 0.2624393 -0.1412787 0.2168776 0.03914014
0.1491044 -0.3083681 0.3015279 -0.2888411 0.2122652 -0.01942657
0.1491044 -0.3083681 0.3015279 -0.2888411 0.2122652 -0.01942657
0.1491044 -0.3083681 0.3015279 -0.2888411 0.2122652 -0.01942657
0.1538661 -0.3221605 0.3571701 -0.2958137 0.1816432 0.01086546
0.1538661 -0.3221605 0.3571701 -0.2958137 0.1816432 0.01086546
0.1296704 -0.3320428 0.3508742 -0.2727142 0.1672268 0.007980961
0.1296704 -0.3320428 0.3508742 -0.2727142 0.1672268 0.007980961
0.1296704 -0.3320428 0.3508742 -0.2727142 0.1672268 0.007980961
0.1296704 -0.3320428 0.3508742 -0.2727142 0.1672268 0.007980961
0.1296704 -0.3320428 0.3508742 -0.2727142 0.1672268 0.007980961
0.1296704 -0.3320428 0.3508742 -0.2727142 0.1672268 0.007980961
0.1427053 -0.2811777 0.3042705 -0.1866577 0.210202 -0.002347201
0.1124092 -0.3036655 0.3639323 -0.542392 0.1740423 -0.0009702604
0.1138667 -0.2833132 0.3153822 -0.5143125 0.1577932 0.00614661
0.1122756 -0.294554 0.309209 -0.477951 0.156396 -0.02391486
0.09959878 -0.2785316 0.2790505 -0.5231777 0.1954997 -0.02706463
0.09959878 -0.2785316 0.2790505 -0.5231777 0.1954997 -0.02706463
0.09959878 -0.2785316 0.2790505 -0.5231777 0.1954997 -0.02706463
0.1083147 -0.2784873 0.2932213 -0.5530569 0.2100863 4.479475E-05
0.1083147 -0.2784873 0.2932213 -0.5530569 0.2100863 4.479475E-05
0.1083147 -0.2784873 0.2932213 -0.5530569 0.2100863 4.479475E-05
0.1083147 -0.2784873 0.2932213 -0.5530569 0.2100863 4.479475E-05
0.1328623 -0.2495983 0.3415259 -0.3759945 0.1992752 -0.00366275
0.1651525 -0.2681022 0.4295039 -0.3987009 0.1816865 0.01339832
0.1651525 -0.2681022 0.4295039 -0.3987009 0.1816865 0.01339832
0.1774871 -0.3316422 0.3852757 -0.3909686 0.1802114 -0.02095365
0.1638362 -0.339007 0.3621771 -0.3124238 0.2124722 0.004643737
0.1672222 -0.3461034 0.376058 -0.3175029 0.2468816 0.002026585
0.1991158 -0.3890544 0.4162538 -0.3485809 0.2138936 -0.05163777
0.1554511 -0.3865881 0.408104 -0.4617882 0.2477027 -0.03304216
0.2706 -0.3652945 0.4170397 -0.249855 0.2551513 0.004196962
0.1653757 -0.4236954 0.4064496 -0.3197759 0.2450086 0.02839764
0.1331266 -0.3758884 0.3861436 -0.3945012 0.2189771 -0.01365437
0.1434067 -0.4035285 0.3920571 -0.3756692 0.1736599 -0.005492262
0.1687344 -0.4281073 0.4299593 -0.3550282 0.1396918 0.009880666
0.1687344 -0.4281073 0.4299593 -0.3550282 0.1396918 0.009880666
0.1772368 -0.5279558 0.434066 -0.3380235 0.1662112 0.03360332
0.1683635 -0.5246786 0.4293939 -0.3706544 0.1506886 0.01830029
0.1705618 -0.5045239 0.3968039 -0.4000959 0.17389 0.01796598
0.1458165 -0.5037135 0.3817347 -0.4672796 0.1296759 -0.03931454
0.1458165 -0.5037135 0.3817347 -0.4672796 0.1296759 -0.03931454
0.1458165 -0.5037135 0.3817347 -0.4672796 0.1296759 -0.03931454
0.1458165 -0.5037135 0.3817347 -0.4672796 0.1296759 -0.03931454
0.159971 -0.4989153 0.4076956 -0.3307894 0.1419114 0.0269672
0.2480178 -0.4786401 0.5053389 -0.2345324 0.2622124 0.0371139
0.172427 -0.4986144 0.4248198 -0.3991614 0.2331843 -0.01866944
0.172427 -0.4986144 0.4248198 -0.3991614 0.2331843 -0.01866944
0.172427 -0.4986144 0.4248198 -0.3991614 0.2331843 -0.01866944
0.1667655 -0.4819066 0.3415005 -0.3703702 0.2452278 -0.02475281
0.1873575 -0.5364078 0.4471201 -0.2731471 0.2027592 -0.004385968
0.2275444 -0.4735976 0.4132071 -0.2014221 0.1798982 -0.01032407
0.1729138 -0.4606659 0.4623755 -0.3864573 0.1716182 -0.0544382
0.178084 -0.4232331 0.4481805 -0.2760597 0.225034 -0.0591565
0.2394145 -0.4025152 0.4094664 -0.2509238 0.2719416 -0.02608895
0.3347452 -0.3722144 0.6089352 -0.2989286 0.2590945 -0.03257266
0.2036757 -0.5138155 0.4620669 -0.220767 0.2660693 0.003564092
0.3347763 -0.4484798 0.602312 -0.2848606 0.2789356 -0.04963228
0.1858195 -0.4486054 0.469271 -0.3725989 0.1742456 -0.07022385
0.1796049 -0.4027188 0.4289798 -0.2952973 0.2303141 -0.0623356
0.1268443 -0.3501951 0.4123628 -0.3890303 0.2242407 -0.08321947
0.1511968 -0.3348193 0.3893036 -0.292716 0.2596654 -0.06056509
0.1575267 -0.3478618 0.4424309 -0.3102103 0.200057 -0.07874942
0.1315794 -0.3283186 0.3588474 -0.3899387 0.1546468 -0.107761
0.2602818 -0.3832598 0.4636801 -0.2937499 0.2028461 -0.03933999
0.1595518 -0.5022467 0.5255213 -0.4977387 0.1708214 -0.05281261
0.1838347 -0.5612582 0.5047769 -0.2664687 0.244351 -0.03279828
0.2770287 -0.4886749 0.463582 -0.1213182 0.1741683 -0.104184
0.1915007 -0.4615818 0.2875157 -0.1033265 0.3572811 -0.06071853
0.1986007 -0.4654134 0.4415453 -0.3515599 0.2605205 -0.05932758
0.22906 -0.5777392 0.4220874 -0.2188921 0.2977329 -0.05465349
0.2026656 -0.5000331 0.3227445 -0.09892198 0.3551177 -0.04802943
0.200408 -0.4695427 0.3510882 -0.033304 0.3770545 -0.07418671
0.2074491 -0.5116971 0.422195 -0.126065 0.3566581 -0.09036262
0.2116761 -0.4650183 0.580834 -0.7521548 0.2464114 -0.1970879
0.1743848 -0.4481257 0.6355885 -0.8099308 0.3476815 -0.1209515
0.1388346 -0.2875704 0.3177227 -0.4418458 0.4407383 -0.1260538
0.18887 -0.4491656 0.396309 -0.3541999 0.3464333 -0.09824238
0.2360946 -0.503216 0.3903088 -0.01817445 0.3668928 -0.005541973
0.2526884 -0.5108957 0.4650666 -0.2785639 0.3633846 -0.04612245
0.1904112 -0.4677989 0.28636 -0.1474915 0.3156199 -0.1661848
0.1977283 -0.4601251 0.299547 -0.07023354 0.3261746 -0.1824374
0.1782843 -0.4206416 0.2812059 -0.001389154 0.3113634 -0.2273016
0.1782843 -0.4206416 0.2812059 -0.001389154 0.3113634 -0.2273016
0.2226549 -0.4698406 0.3463248 0.02179388 0.3948153 -0.2038832
0.2073287 -0.3454397 0.3061452 0.1214291 0.3559022 -0.2112226
0.1843993 -0.4172945 0.3407259 0.1205608 0.393962 -0.1206907
0.1760162 -0.4207926 0.3718564 0.08970583 0.3205175 -0.1957251
0.306995 -0.4641109 0.2749817 0.2214803 -0.2026169 -0.09077652
0.3371123 -0.2265289 0.1187658 0.4115166 -0.08751488 -0.2241196
0.2909838 -0.4936145 0.4154097 0.1654594 0.2013251 -0.2637165
0.242369 -0.4760179 0.4484537 -0.007060286 0.2880875 -0.2823793
0.2483589 -0.4068082 0.3734992 0.1601994 0.2588416 -0.3611521
0.3016146 -0.4938956 0.3946091 0.2967042 0.2594909 -0.3208281
0.2302586 -0.4806273 0.440776 -0.1504247 0.1847302 -0.3044593
0.2556756 -0.5983196 0.4940587 -0.2371041 0.2449122 -0.3159497
0.2929375 -0.7165686 0.6248657 -0.5100254 0.1254856 -0.2743829
0.3048451 -0.6833288 0.699723 -0.7677157 0.180687 -0.2418018
0.2565527 -0.6196727 0.6800333 -0.8471224 0.2549387 -0.3123016
0.3318563 -0.835567 0.8587946 -0.7948029 0.1344512 -0.2617682
0.323231 -0.685618 0.8209687 -0.6613279 0.1890766 -0.2682052
0.3326516 -0.6944308 0.5951788 -0.3549114 0.1755046 -0.2574373
0.3537518 -0.6364653 0.5374514 0.06351168 0.2510864 -0.2478622
0.3407226 -0.6119248 0.7237567 -0.1757434 0.1654314 -0.2539199
0.3748562 -0.6889163 0.5932528 0.08594119 0.2200153 -0.2385464
0.3321852 -0.6530139 0.5712823 -0.02312811 0.1969162 -0.2136615
0.3008931 -0.5739429 0.6419672 -0.1668071 0.1369706 -0.2485151
0.3088407 -0.5527852 0.4145796 0.1341347 0.1595207 -0.1845425
0.2944676 -0.6429361 0.4836073 0.01690049 0.1307866 -0.1389678
0.2829156 -0.641085 0.4147566 0.06594716 0.1727355 -0.1734934
0.255472 -0.6436352 0.3856947 -0.02267755 0.1571081 -0.1354131
0.2582561 -0.6693528 0.4548514 -0.04114199 0.04877211 -0.1209465
0.2286685 -0.5753316 0.3680847 0.09319904 0.1845522 -0.153422
0.2487536 -0.5939521 0.3510765 -0.03025752 0.1633332 -0.1539992
0.2246893 -0.5350689 0.4057212 -0.09484904 0.2047998 -0.1246372
0.2833914 -0.5370854 0.3217501 0.17739 0.2975016 -0.1294056
0.1747966 -0.6178926 0.2999662 -0.1188995 0.2388227 -0.1591116
0.2043163 -0.5671278 0.3433129 -0.1424737 0.2390133 -0.09687823
0.2329939 -0.6720344 0.3958614 -0.20