0.1042903 0.1393719 0.03301404 0.01650988 -0.003879215 -0.06127902
0.1042903 0.1393719 0.03301404 0.01650988 -0.003879215 -0.06127902
0.07179926 0.1842903 -0.0197295 -0.01231195 0.05437181 -0.09497242
0.08864254 0.1156883 0.02780155 0.009444606 -0.004046847 -0.08281971
0.110329 0.08255929 0.04802055 0.01329818 -0.02524491 -0.04025434
0.1045439 0.04708867 0.04872983 -0.03707679 -0.03131311 -0.04650524
0.07324339 0.1363891 -0.03269359 5.937833E-05 0.06324234 -0.08161682
0.09001708 0.0831054 0.01681529 0.01783459 0.02181162 -0.05406401
0.09001708 0.0831054 0.01681529 0.01783459 0.02181162 -0.05406401
0.1143416 0.1048215 0.01873799 0.04557575 0.05441743 -0.07085942
0.08415045 0.1129185 -0.01782701 -0.02143341 0.04168557 -0.06316713
0.07084996 0.1604804 -0.02002671 -0.04982813 0.07050263 -0.05588256
0.07084996 0.1604804 -0.02002671 -0.04982813 0.07050263 -0.05588256
0.07084996 0.1604804 -0.02002671 -0.04982813 0.07050263 -0.05588256
0.07084996 0.1604804 -0.02002671 -0.04982813 0.07050263 -0.05588256
0.07874131 0.1555281 -0.005705671 -0.001663664 0.02292043 -0.03400868
0.07874131 0.1555281 -0.005705671 -0.001663664 0.02292043 -0.03400868
0.07874131 0.1555281 -0.005705671 -0.001663664 0.02292043 -0.03400868
0.1021793 0.1421041 0.002049024 -0.01181748 -0.002450112 -0.03880932
0.1021793 0.1421041 0.002049024 -0.01181748 -0.002450112 -0.03880932
0.1021793 0.1421041 0.002049024 -0.01181748 -0.002450112 -0.03880932
0.1021793 0.1421041 0.002049024 -0.01181748 -0.002450112 -0.03880932
0.1021793 0.1421041 0.002049024 -0.01181748 -0.002450112 -0.03880932
0.1273634 0.08196597 0.06483719 0.02711795 0.03173679 0.01223188
0.08660017 0.1986405 -0.06329043 -0.005856426 0.08698846 -0.05515803
0.08660017 0.1986405 -0.06329043 -0.005856426 0.08698846 -0.05515803
0.09753444 0.143742 0.0418913 -0.07296876 0.02536869 -0.03187473
0.09753444 0.143742 0.0418913 -0.07296876 0.02536869 -0.03187473
0.09753444 0.143742 0.0418913 -0.07296876 0.02536869 -0.03187473
0.069688 0.1626208 -0.002236923 -0.1256593 0.08553094 -0.000300813
0.07182315 0.108819 0.06263797 -0.1809611 0.03830491 0.03770337
0.09805837 0.09419287 0.07924446 -0.08997709 0.02389279 0.01548568
0.09811597 0.05927237 0.06275774 -0.1303887 0.00479737 0.001614381
0.09811597 0.05927237 0.06275774 -0.1303887 0.00479737 0.001614381
0.101284 0.03759713 0.06117224 -0.1372032 0.07133192 -0.01277359
0.101284 0.03759713 0.06117224 -0.1372032 0.07133192 -0.01277359
0.0863018 0.04703959 0.01773878 -0.1243265 0.07388711 -0.01997888
0.0863018 0.04703959 0.01773878 -0.1243265 0.07388711 -0.01997888
0.1447586 0.133619 0.02555524 -0.04868412 0.1416653 -0.06487533
0.154641 0.2107687 0.01402799 -0.04899665 0.1111073 -0.03356676
0.1663925 0.2260254 0.0166965 -0.05226488 0.1256972 -0.04785315
0.1714543 0.1394198 0.08627456 -0.03974439 0.0728972 -0.002732242
0.1704209 0.1382489 0.03601932 -0.1249055 0.09187865 -0.007706855
0.124651 0.1558163 0.02574102 -0.09418505 0.1145594 -0.01010179
0.1268163 0.1523911 0.05746152 -0.1723705 0.08733491 -0.01155784
0.1072414 0.1671387 0.01005606 -0.111242 0.1088054 0.004000388
0.1185318 0.1045354 0.09007338 -0.1257216 0.06806446 0.03519114
0.1197084 0.09947433 0.04476492 -0.09946278 0.07747896 0.005448557
0.10715 0.1111617 0.03673027 -0.1626039 0.1392933 0.0006430149
0.09331322 0.07493868 0.03986295 -0.09316083 0.1655276 0.02059753
0.08842785 0.08419735 0.08898167 -0.1830969 0.09636635 0.02220491
0.1174895 0.07712764 0.0503768 -0.1007779 0.1032449 0.00274834
0.09607425 0.06483805 0.07332615 -0.119147 0.1461926 0.006181624
0.09607425 0.06483805 0.07332615 -0.119147 0.1461926 0.006181624
0.07357389 0.1097345 0.07868684 -0.2076069 0.1000606 0.03325091
0.1006073 0.06467425 0.04962047 -0.1346029 0.1294693 0.05929435
0.1513117 -0.04803534 0.1411206 -0.2172553 0.05578547 0.05552201
0.1635298 -0.03526847 0.1671864 -0.1692019 0.1100301 0.09647001
0.1780822 0.02008125 0.1114593 -0.0970019 0.1523494 0.05351739
0.1780822 0.02008125 0.1114593 -0.0970019 0.1523494 0.05351739
0.1670925 0.04412417 0.08859638 -0.1625286 0.1353862 0.1212444
0.1962997 0.1295353 0.0660137 -0.02868957 0.1572482 0.08840169
0.1859356 0.1213951 0.09256361 -0.1002358 0.1604992 0.07178774
0.1716142 0.1172231 0.0765285 -0.1375768 0.175901 0.07936285
0.1790548 0.1033548 0.1399504 -0.1685956 0.1380101 0.06960369
0.1790548 0.1033548 0.1399504 -0.1685956 0.1380101 0.06960369
0.1878929 0.01899714 0.1945666 -0.2214191 0.1070717 0.119646
0.1878929 0.01899714 0.1945666 -0.2214191 0.1070717 0.119646
0.1878929 0.01899714 0.1945666 -0.2214191 0.1070717 0.119646
0.1878929 0.01899714 0.1945666 -0.2214191 0.1070717 0.119646
0.181187 0.02281967 0.1640807 -0.1524861 0.2168522 0.09981012
0.181187 0.02281967 0.1640807 -0.1524861 0.2168522 0.09981012
0.1763349 0.05599344 0.1632763 -0.1130231 0.1454535 0.04124316
0.1763349 0.05599344 0.1632763 -0.1130231 0.1454535 0.04124316
0.162774 0.03472348 0.1131975 -0.1087369 0.14832 0.06100223
0.1953613 0.05671492 0.1674689 -0.1711175 0.1696749 0.07007542
0.1855318 0.09321526 0.0870332 -0.04945826 0.1981823 0.06120245
0.1626079 0.07869351 0.1244613 -0.0282836 0.220872 0.09272671
0.1733617 0.07939152 0.09400529 -0.03968723 0.1901598 0.05863776
0.1733617 0.07939152 0.09400529 -0.03968723 0.1901598 0.05863776
0.1733617 0.07939152 0.09400529 -0.03968723 0.1901598 0.05863776
0.1733617 0.07939152 0.09400529 -0.03968723 0.1901598 0.05863776
0.1733617 0.07939152 0.09400529 -0.03968723 0.1901598 0.05863776
0.1733617 0.07939152 0.09400529 -0.03968723 0.1901598 0.05863776
0.1874827 0.08131013 0.05878452 -0.01846952 0.2031552 0.0215211
0.1874827 0.08131013 0.05878452 -0.01846952 0.2031552 0.0215211
0.1861633 0.07644521 0.1218783 -0.04585354 0.1904896 0.01415494
0.1885704 0.1245723 0.09283913 -0.05314097 0.180502 -0.03015459
0.2561544 0.07719266 0.1606774 -0.02153717 0.1949851 -0.06383698
0.2698 0.05712859 0.1785895 -0.01604612 0.1959961 -0.06365611
0.2509428 0.04862161 0.1825435 0.006011136 0.2493742 -0.08173922
0.2509428 0.04862161 0.1825435 0.006011136 0.2493742 -0.08173922
0.2136954 0.03816644 0.1294059 -0.01257188 0.2324321 -0.09417925
0.191224 -0.02783201 0.1889058 -0.061099 0.2114411 -0.0554094
0.191224 -0.02783201 0.1889058 -0.061099 0.2114411 -0.0554094
0.191224 -0.02783201 0.1889058 -0.061099 0.2114411 -0.0554094
0.2402198 -0.03997829 0.1901475 -0.07301673 0.2324541 -0.04394705
0.254042 -0.01957073 0.2117667 -0.0945496 0.191682 -0.06798612
0.254042 -0.01957073 0.2117667 -0.0945496 0.191682 -0.06798612
0.2559916 0.005353736 0.1589568 -0.0563378 0.1775768 -0.0658365
0.2569282 0.06312522 0.1525159 -0.01546225 0.2050784 -0.1127312
0.2511741 0.05206886 0.1573843 0.01030689 0.1983238 -0.0765628
0.2328507 0.06967099 0.1652759 0.008358832 0.2156791 -0.05291475
0.2542228 0.03934703 0.147556 -0.02003219 0.1949105 -0.07558997
0.2542228 0.03934703 0.147556 -0.02003219 0.1949105 -0.07558997
0.2542228 0.03934703 0.147556 -0.02003219 0.1949105 -0.07558997
0.2542228 0.03934703 0.147556 -0.02003219 0.1949105 -0.07558997
0.2542228 0.03934703 0.147556 -0.02003219 0.1949105 -0.07558997
0.2542228 0.03934703 0.147556 -0.02003219 0.1949105 -0.07558997
0.2542228 0.03934703 0.147556 -0.02003219 0.1949105 -0.07558997
0.2549602 0.0559706 0.1422503 0.00266034 0.2049281 -0.07794378
0.2549602 0.0559706 0.1422503 0.00266034 0.2049281 -0.07794378
0.2699052 0.1226715 0.1405808 0.007089864 0.2065536 -0.06943591
0.2699052 0.1226715 0.1405808 0.007089864 0.2065536 -0.06943591
0.2699052 0.1226715 0.1405808 0.007089864 0.2065536 -0.06943591
0.264537 0.08014944 0.2121806 -0.005916563 0.2057448 -0.05358503
0.265831 0.03110505 0.1927445 0.03195942 0.2005365 -0.0464531
0.252458 0.01308448 0.1984574 0.0251613 0.1991403 -0.007405672
0.252458 0.01308448 0.1984574 0.0251613 0.1991403 -0.007405672
0.1065948 -0.03937892 0.08570097 0.004015472 0.2058793 -0.07132556
0.1152731 0.005172389 0.1124721 -0.04321471 0.1998 -0.05278949
0.1496475 -0.05401959 0.1156133 -0.009093238 0.2106533 -0.04723734
0.15368 -0.002119847 0.1045376 0.01972266 0.2235017 -0.02484414
0.15368 -0.002119847 0.1045376 0.01972266 0.2235017 -0.02484414
0.15368 -0.002119847 0.1045376