0.207881 -0.3238486 0.2069419 0.03970856 0.25749 0.01307328
0.2250885 -0.2945266 0.2167193 0.03059908 0.2229524 0.01357478
0.2250994 -0.2976884 0.2081362 0.05035333 0.2254741 0.01691166
0.2226885 -0.3079445 0.2089236 0.04884388 0.2131214 -0.001559308
0.2187405 -0.2824658 0.2122647 -0.01965293 0.2123212 0.004043827
0.1938282 -0.3097728 0.2165924 -0.05653432 0.2411646 -0.01519856
0.2017037 -0.3078563 0.189347 0.03047146 0.2215361 -0.004447189
0.1988714 -0.2987768 0.211622 -0.01091289 0.2326269 -0.01300862
0.2097534 -0.2807375 0.1809015 -0.005058249 0.2435044 0.006918387
0.2065729 -0.2844536 0.17406 -0.03502043 0.234892 0.002292385
0.2065729 -0.2844536 0.17406 -0.03502043 0.234892 0.002292385
0.2065729 -0.2844536 0.17406 -0.03502043 0.234892 0.002292385
0.2095367 -0.2951408 0.2140605 -0.02973048 0.2290169 0.01994278
0.2030948 -0.276663 0.2066658 -0.08020239 0.2133908 0.02134745
0.1474903 -0.2849397 0.1544924 -0.1275868 0.2597593 0.04678704
0.1591382 -0.2800196 0.2030559 -0.106049 0.2655565 0.06381559
0.1755409 -0.2890143 0.1504871 -0.06049541 0.2388659 0.03138303
0.176936 -0.2599163 0.1502368 -0.06410773 0.2152042 0.01698913
0.1805915 -0.2359856 0.1481569 -0.0746373 0.2265518 0.04141071
0.1800866 -0.2218415 0.141302 -0.08591715 0.2331845 0.03776047
0.1867433 -0.2410115 0.1650308 -0.04638759 0.2240003 0.06424914
0.208015 -0.2434926 0.1982034 0.06273342 0.2612995 0.0876435
0.2110866 -0.2427671 0.1788548 0.0479432 0.2151642 0.06147688
0.1414275 -0.2342288 0.1464114 0.06808002 0.2492394 0.04722267
0.1619484 -0.2463441 0.123353 0.07278553 0.2467624 0.04537285
0.1672811 -0.2558902 0.1637115 0.06197344 0.2534956 0.05641075
0.1609449 -0.2384857 0.1334664 0.05434953 0.2640946 0.0560968
0.1781591 -0.219695 0.1168257 -0.00284769 0.272328 0.03585815
0.1818254 -0.2324908 0.1584045 0.09503701 0.225787 0.000975986
0.1889729 -0.224245 0.150531 0.08049676 0.2219485 -0.01515088
0.2034948 -0.244218 0.1427224 0.06655562 0.2437563 0.01346922
0.1977339 -0.2269136 0.1527846 0.08398585 0.1971643 -0.02314232
0.2050608 -0.2031034 0.2175077 0.1016931 0.202594 -0.006614957
0.2123596 -0.2165577 0.1686304 0.1494136 0.2328817 0.001176946
0.2065917 -0.2162712 0.1727348 0.1002531 0.2146275 -0.02321195
0.2015595 -0.1965052 0.1556613 0.1205548 0.2118797 -0.03802873
0.2011816 -0.1921144 0.1618193 0.1263199 0.2125632 -0.03040861
0.2011816 -0.1921144 0.1618193 0.1263199 0.2125632 -0.03040861
0.2011816 -0.1921144 0.1618193 0.1263199 0.2125632 -0.03040861
0.2011816 -0.1921144 0.1618193 0.1263199 0.2125632 -0.03040861
0.2011816 -0.1921144 0.1618193 0.1263199 0.2125632 -0.03040861
0.2011816 -0.1921144 0.1618193 0.1263199 0.2125632 -0.03040861
0.2475711 -0.2089059 0.2165032 0.1421215 0.2697218 -0.04988533
0.2837513 -0.1990262 0.2222971 0.1613567 0.2397026 -0.06836314
0.2018447 -0.2323236 0.1855396 0.1108263 0.2410094 -0.09048829
0.1852913 -0.2074751 0.1616385 0.1120896 0.2734101 -0.0796133
0.2827106 -0.1880182 0.2131232 0.06433205 0.2764173 -0.08294531
0.192851 -0.1869949 0.1345081 0.05610257 0.26977 -0.04837218
0.2339617 -0.1654151 0.1825183 0.09209319 0.2368456 -0.0612515
0.1899173 -0.2571347 0.1468221 0.05740857 0.2527625 -0.06311508
0.2140859 -0.2368216 0.1801784 0.1122166 0.2223062 -0.06653456
0.2250056 -0.232391 0.1844514 0.1113971 0.2042789 -0.08424152
0.2169133 -0.2234155 0.1977201 0.04946729 0.2304739 -0.06277111
0.1995018 -0.2950153 0.1899491 0.08521844 0.223725 -0.06239203
0.1959487 -0.2885078 0.1905196 0.04522704 0.1889734 -0.09257241
0.212301 -0.2855974 0.1924341 0.03485838 0.2436574 -0.06411109
0.2183957 -0.262565 0.1819539 0.02968336 0.239296 -0.03529158
0.2129325 -0.2007762 0.1428454 0.09685181 0.2592736 -0.07262412
0.1829533 -0.2252395 0.1668454 0.08986142 0.2709423 -0.0719637
0.183551 -0.2051262 0.1291138 0.0882134 0.2693552 -0.08970462
0.2043973 -0.2042593 0.1556048 0.1065076 0.2409769 -0.07683642
0.2240174 -0.2132704 0.1634993 0.08579884 0.230298 -0.070439
0.2240174 -0.2132704 0.1634993 0.08579884 0.230298 -0.070439
0.2240174 -0.2132704 0.1634993 0.08579884 0.230298 -0.070439
0.2240174 -0.2132704 0.1634993 0.08579884 0.230298 -0.070439
0.2308588 -0.2190882 0.1994157 0.0624008 0.2096178 -0.06684671
0.1879923 -0.2306672 0.1357773 0.1234379 0.2299545 -0.08508118
0.1981668 -0.2541419 0.1587274 0.09986971 0.2107794 -0.07639284
0.2068655 -0.2190765 0.1737181 0.08044901 0.2256426 -0.0541968
0.2017365 -0.190613 0.1791153 0.03931199 0.2365863 -0.07980547
0.2066042 -0.1907837 0.1926088 0.02135176 0.2389507 -0.06910767
0.1783695 -0.2552676 0.1861858 0.06932236 0.2203273 -0.0661263
0.1882866 -0.2326914 0.1896555 0.07111092 0.2696342 -0.06275381
0.1925892 -0.2360772 0.1639642 0.06047127 0.2797388 -0.05057012
0.2164465 -0.2481883 0.1598418 0.05372194 0.2879232 -0.03533215
0.232289 -0.2848666 0.2179047 0.05778884 0.2279701 -0.0409794
0.2093513 -0.3450626 0.1985073 0.06223782 0.2248624 -0.0791081
0.2143448 -0.3424022 0.2285094 0.03617809 0.2317779 -0.04205737
0.2325539 -0.3563889 0.2295227 0.02922831 0.2123375 -0.05351164
0.2350356 -0.3205006 0.1894121 0.03335439 0.230015 -0.06607357
0.245374 -0.3323179 0.1830158 0.02751375 0.2360502 -0.06277326
0.2275861 -0.2833294 0.2246223 0.02495766 0.2117806 -0.05480541
0.2025354 -0.3064515 0.1998774 0.08203782 0.2383052 -0.06385033
0.2027063 -0.2948539 0.2348465 0.01474113 0.2112215 -0.02704396
0.2249949 -0.3135599 0.2294086 0.01043045 0.1899744 -0.02078815
0.2264098 -0.2873197 0.2140824 0.02510902 0.1648305 -0.04848637
0.2264098 -0.2873197 0.2140824 0.02510902 0.1648305 -0.04848637
0.2407372 -0.2548301 0.188487 0.07865432 0.1989735 -0.05484966
0.1940774 -0.2976084 0.218061 0.03457166 0.1784368 -0.07912321
0.2009 -0.2787406 0.1776768 0.07822281 0.1793329 -0.07284501
0.2251561 -0.2635984 0.2197746 0.065687 0.1836559 -0.05525388
0.2243938 -0.2456749 0.237595 0.1074384 0.167692 -0.06944951
0.2408191 -0.2522176 0.2285952 0.1402846 0.157897 -0.07158133
0.1816321 -0.2818891 0.2146007 0.02709229 0.1830603 -0.06310885
0.1918513 -0.2983136 0.1744968 -0.0684944 0.2300356 -0.03068621
0.2047486 -0.2931653 0.1880818 -0.02778062 0.1815262 -0.02999658
0.2131574 -0.2831998 0.1712384 0.03216069 0.1964399 -0.05033544
0.2131574 -0.2831998 0.1712384 0.03216069 0.1964399 -0.05033544
0.2238391 -0.2487005 0.1909488 0.0227993 0.2126392 -0.07015371
0.1895363 -0.3064454 0.1728624 0.01619438 0.192205 -0.08510952
0.1908045 -0.2973933 0.1834484 0.01317907 0.2013544 -0.04642028
0.2051629 -0.293615 0.1810444 0.0916973 0.1938193 -0.07649249
0.2352912 -0.2715694 0.1633115 0.09723714 0.2192929 -0.04069874
0.2397815 -0.2569542 0.1931988 0.1228445 0.1990516 -0.03307439
0.2039099 -0.2950741 0.1876243 0.1041711 0.1918474 -0.07562988
0.2143126 -0.267667 0.1795035 0.1046839 0.1877211 -0.06338841
0.2201028 -0.2820431 0.2101705 0.1065728 0.1995407 -0.04701602
0.2201028 -0.2820431 0.2101705 0.1065728 0.1995407 -0.04701602
0.2201028 -0.2820431 0.2101705 0.1065728 0.1995407 -0.04701602
0.2396224 -0.2435834 0.1970239 0.1311021 0.2074349 -0.03661383
0.2396224 -0.2435834 0.1970239 0.1311021 0.2074349 -0.03661383
0.2396224 -0.2435834 0.1970239 0.1311021 0.2074349 -0.03661383
0.199035 -0.3277492 0.1798911 0.1181032 0.1993095 -0.05007713
0.199035 -0.3277492 0.1798911 0.1181032 0.1993095 -0.05007713
0.199035 -0.3277492 0.1798911 0.1181032 0.1993095 -0.05007713
0.199035 -0.3277492 0.1798911 0.1181032 0.1993095 -0.05007713
0.199035 -0.3277492 0.1798911 0.1181032 0.1993095 -0.05007713
0.199035 -0.3277492 0.1798911 0.1181032 0.1993095 -0.05007713
0.199035 -0.3277492 0.1798911 0.1181032 0.1993095 -0.05007713
0.1895909 -0.271543 0.175922 0.04129643 0.2141479 -0.04331811
0.2072768 -0.2553828 0.1809896 0.04209404 0.2013396 -0.02959494
0.2123262 -0.2636499 0.1823613 0.04675539 0.1860181 -0.04355981
0.227398 -0.2679928 0.1992562 0.06199127 0.1898928 -0.02425794
0.228804 -0.2612879 0.1834838 0.04017233 0.2103042 -0.03611641
0.2223272 -0.3060855 0.1534181 0.03046372 0.1956464 -0.0603074
0.2280084 -0.3152219 0.2020707 0.04874478 0.179841 -0.04385709
0.24783 -0.3177696 0.2024951 0.07877329 0.1729677 -0.06384851
0.2519942 -0.3148116 0.2138076 0.1015685 0.1787436 -0.05172852
0.2667707 -0.2904827 0.1912321 0.08250474 0.1664195 -0.0688329
0.1939368 -0.3205676 0.1898155 0.1286652 0.1824651 -0.02761863
0.2105472 -0.3374472 0.2104882 0.07652677 0.1526758 -0.04254195
0.2278907 -0.3315473 0.2201495 0.1600508 0.1481956 -0.04271714
0.2418702 -0.3196604 0.20002 0.163236 0.1417992 -0.07561538
0.2378899 -0.2984253 0.2393976 0.1196225 0.1226916 -0.05294153
0.2378899 -0.2984253 0.2393976 0.1196225 0.1226916 -0.05294153
0.2539342 -0.2843207 0.2027219 0.1826659 0.1733426 -0.07104569
0.2305135 -0.2482819 0.1537706 0.08763339 0.1947342 -0.05603372
0.2348297 -0.2269463 0.1714807 0.1492426 0.1904385 -0.07485285
0.1990241 -0.2652197 0.1433767 0.1302284 0.2444766 -0.05238106
0.1948663 -0.1849081 0.1021621 0.1864066 0.2320922 -0.08843229
0.2029091 -0.1810818 0.1839721 0.1755463 0.2201862 -0.08448286
0.2027563 -0.2152068 0.1594 0.1076567 0.2537218 -0.02915366
0.2083394 -0.210072 0.1956062 0.09419727 0.2205533 -0.07011648
0.214729 -0.2199389 0.1744786 0.1465523 0.2622564 -0.03645036
0.214729 -0.2199389 0.1744786 0.1465523 0.2622564 -0.03645036
0.214729 -0.2199389 0.1744786 0.1465523 0.2622564 -0.03645036
0.2153292 -0.2432319 0.1603085 0.07544281 0.1973673 -0.09276876
0.2117551 -0.2376406 0.1674826 0.1209246 0.2158998 -0.08290368
0.2117551 -0.2376406 0.1674826 0.1209246 0.2158998 -0.08290368
0.2210136 -0.2421605 0.1533061 0.1324097 0.2536374 -0.02275892
0.2152337 -0.2405181 0.1908114 0.1151969 0.2177591 -0.0274394
0.2232905 -0.2407769 0.1907366 0.1237733 0.2282784 -0.04409565
0.2232905 -0.2407769 0.1907366 0.1237733 0.2282784 -0.04409565
0.2232905 -0.2407769 0.1907366 0.1237733 0.2282784 -0.04409565
0.2232905 -0.2407769 0.1907366 0.1237733 0.2282784 -0.04409565
0.2232905 -0.2407769 0.1907366 0.1237733 0.2282784 -0.04409565
0.2232905 -0.2407769 0.1907366 0.1237733 0.2282784 -0.04409565
0.2232905 -0.2407769 0.1907366 0.1237733 0.2282784 -0.04409565
0.2232905 -0.2407769 0.1907366 0.1237733 0.2282784 -0.04409565
0.2135074 -0.2253629 0.1789106 0.0313549 0.2236899 -0.04191686
0.2275372 -0.2509022 0.193757 0.01532735 0.2122201 -0.02357362
0.2314289 -0.2809649 0.1783318 0.03264804 0.1878641 -0.04771236
0.2293524 -0.2770253 0.1790365 0.01093082 0.2397118 -0.0236216
0.2331245 -0.2830077 0.1793577 -0.0004555229 0.2526229 -0.0290856
0.2087914 -0.3081155 0.1878433 0.04623775 0.2185643 -0.04771973
0.2033048 -0.3117321 0.1792141 0.0642406 0.2417192 -0.02472022
0.1985008 -0.3079118 0.2268652 0.004557913 0.2227698 -0.02480999
0.2021519 -0.2857552 0.2246604 0.008162691 0.2204663 -0.05143957
0.2287344 -0.3012805 0.2441603 0.02913478 0.221204 -0.03641104
0.2305168 -0.2968639 0.2248157 0.01186414 0.2407366 -0.03052644
0.2284599 -0.2781008 0.2116115 0.02968051 0.2192366 -0.08365405
0.2369251 -0.2664703 0.2194161 0.02849059 0.238959 -0.06435119
0.2420346 -0.243271 0.1800887 0.04726429 0.2300539 -0.05234122
0.2380809 -0.2510827 0.1876103 0.05195488 0.226454 -0.04259618
0.2420679 -0.2585673 0.1985002 0.05790678 0.2347092 -0.05654606
0.2496279 -0.2528862 0.1891251 0.08847573 0.2344857 -0.07142299
0.2152031 -0.3225347 0.2144055 0.1055798 0.2313074 -0.04706163
0.2249507 -0.325759 0.1812041 0.1440222 0.2785804 -0.04783237
0.2016816 -0.3324055 0.1883549 0.1859832 0.2554242 -0.04190329
0.2114889 -0.2918916 0.1098359 0.1479518 0.2292731 -0.1023768
0.2015557 -0.2595648 0.09623932 0.09233414 0.248252 -0.1182109
0.2022417 -0.2100059 0.09999633 0.1404887 0.2754869 -0.04728173
0.2173406 -0.206548 0.09637304 0.06722601 0.2727058 -0.05214784
0.1988521 -0.2113854 0.1562852 0.1036202 0.2561711 -0.0432881
0.1988521 -0.2113854 0.1562852 0.1036202 0.2561711 -0.0432881
0.1988521 -0.2113854 0.1562852 0.1036202 0.2561711 -0.0432881
0.1988521 -0.2113854 0.1562852 0.1036202 0.2561711 -0.0432881
0.2187142 -0.2170379 0.1914944 0.09060951 0.267943 -0.03174142
0.2175873 -0.210948 0.1916566 0.08459963 0.2481171 -0.05091261
0.2175873 -0.210948 0.1916566 0.08459963 0.2481171 -0.05091261
0.218154 -0.1984298 0.1535928 0.1446773 0.2403781 -0.04023811
0.2269367 -0.2200661 0.1829835 0.1253017 0.1929103 -0.06759179
0.2443706 -0.2330797 0.1969556 0.1448954 0.210207 -0.06405619
0.2348192 -0.2036381 0.1670868 0.1706943 0.2101459 -0.07068868
0.1860401 -0.2375893 0.1510019 0.1474834 0.1913968 -0.0754804
0.1761453 -0.2126977 0.1243699 0.1529473 0.1963885 -0.09093828
0.1768118 -0.2050713 0.1152094 0.08835632 0.2686337 -0.08258063
0.197604 -0.2097403 0.1367204 0.08029261 0.2299057 -0.07534087
0.1886971 -0.2192115 0.1451229 0.115577 0.2661449 -0.03674711
0.2049622 -0.2175321 0.1491557 0.1430746 0.217647 -0.03294726
0.2111757 -0.1986948 0.139742 0.1304888 0.2373179 -0.03450717
0.2079011 -0.1784834 0.1483523 0.1811008 0.2472778 -0.0389584
0.2237844 -0.2123704 0.1928295 0.1349324 0.2047409 -0.05108977
0.2181159 -0.2032335 0.136298 0.1067594 0.1980244 -0.06855344
0.2164852 -0.1972239 0.1777015 0.0498696 0.2202749 -0.04006098
0.1613671 -0.212793 0.1035846 0.08591856 0.2501621 -0.04485223
0.1976764 -0.1929598 0.1485991 0.04171879 0.202665 -0.06904091
0.2314619 -0.2206867 0.2207294 -0.004435042 0.150426 -0.04354174
0.1846412 -0.2695767 0.1739249 -0.0175993 0.1444758 -0.08379477
0.1877532 -0.2818767 0.2041583 -0.01426433 0.124782 -0.0704491
0.1963077 -0.2891777 0.2057414 -0.003904463 0.1529554 -0.04800222
0.2161915 -0.30734 0.2249546 0.04519742 0.105774 -0.08376229
0.2192416 -0.2980866 0.2314596 0.03244101 0.09680612 -0.08837292
0.2326039 -0.3198763 0.2494523 0.0468155 0.1072729 -0.05120775
0.2326039 -0.3198763 0.2494523 0.0468155 0.1072729 -0.05120775
0.229391 -0.2991056 0.2275964 0.09344719 0.1153742 -0.0623196
0.2354964 -0.2936853 0.2307522 0.02245573 0.1173499 -0.07478665
0.2477059 -0.3011878 0.2347694 0.05366287 0.1281527 -0.06810014
0.2477059 -0.3011878 0.2347694 0.05366287 0.1281527 -0.06810014
0.2477059 -0.3011878 0.2347694 0.05366287 0.1281527 -0.06810014
0.2477059 -0.3011878 0.2347694 0.05366287 0.1281527 -0.06810014
0.2477059 -0.3011878 0.2347694 0.05366287 0.1281527 -0.06810014
0.2477059 -0.3011878 0.2347694 0.05366287 0.1281527 -0.06810014
0.2423541 -0.3012021 0.2470149 0.04926281 0.1008065 -0.06669708
0.2013599 -0.333509 0.2247621 0.04608878 0.1176444 -0.05596221
0.2029307 -0.3193886 0.2128024 0.1010291 0.139521 -0.08419703
0.2148274 -0.311342 0.2434283 0.1180609 0.1157164 -0.07454297
0.2161047 -0.2928664 0.2370688 0.07566068 0.1482769 -0.03802443
0.223968 -0.2740149 0.1881546 0.154258 0.1204791 -0.06766828
0.2240393 -0.2334535 0.1928323 0.2055255 0.1229312 -0.08650733
0.2301285 -0.2665016 0.2270291 0.1448603 0.1226421 -0.09179981
0.2352608 -0.2780335 0.2413617 0.1151302 0.1429943 -0.0697058
0.2319228 -0.2823074 0.2085877 0.1306541 0.1449376 -0.05162366
0.2414968 -0.278972 0.1919057 0.1401649 0.1472249 -0.04399633
0.247062 -0.3096391 0.2353895 0.1309585 0.1293132 -0.06301926
0.2554838 -0.3211544 0.1861243 0.1457441 0.1352363 -0.0491029
0.2554838 -0.3211544 0.1861243 0.1457441 0.1352363 -0.0491029
0.228686 -0.2809726 0.1660456 0.1566418 0.1513034 -0.07378426
0.2515494 -0.2584466 0.1698416 0.1905397 0.1738224 -0.05646342
0.2311895 -0.2169032 0.16096 0.131082 0.1750893 -0.08845271
0.1646781 -0.1682112 0.1060348 0.1807137 0.2008067 -0.1480849
0.1645918 -0.1666402 0.1002636 0.1546229 0.225893 -0.1176929
0.1993686 -0.2004911 0.136499 0.1344349 0.2187557 -0.08501199
0.1993686 -0.2004911 0.136499 0.1344349 0.2187557 -0.08501199
0.1993686 -0.2004911 0.136499 0.1344349 0.2187557 -0.08501199
0.1940957 -0.179422 0.1310445 0.04875377 0.2215149 -0.08239319
0.2042893 -0.193721 0.1668772 0.09285028 0.1746321 -0.1030885
0.2017278 -0.2021977 0.1607621 0.05230447 0.148028 -0.144207
0.1941622 -0.1737493 0.1542179 0.1154034 0.1691224 -0.1471959
0.2226001 -0.2102863 0.2095934 0.09705119 0.1400303 -0.09381717
0.2210804 -0.2015791 0.1942939 0.06642721 0.150868 -0.1024617
0.2139685 -0.1613612 0.1773739 0.09382112 0.1299376 -0.1023024
0.1844588 -0.2305276 0.152405 0.1583071 0.1588211 -0.09481051
0.1972526 -0.2065359 0.1975979 0.1313432 0.1493257 -0.1064523
0.2011915 -0.2192601 0.1905341 0.0898158 0.1777039 -0.06139199
0.2097212 -0.196629 0.1769741 0.1177498 0.1573078 -0.1217156
0.210615 -0.2079922 0.1879501 0.09284534 0.1420351 -0.1135416
0.214397 -0.2018104 0.1783063 0.1364209 0.1308619 -0.1150536
0.2084519 -0.2058912 0.1713917 0.1614002 0.184798 -0.08002271
0.2168416 -0.2014619 0.1508211 0.1189928 0.156579 -0.1089362
0.2155261 -0.2070452 0.1910498 0.1495263 0.1345715 -0.1273078
0.2244661 -0.1913909 0.1750343 0.1266184 0.1549247 -0.1098332
0.2337796 -0.1888281 0.210639 0.1560327 0.1304657 -0.1160567
0.2276211 -0.2058776 0.1830121 0.1559208 0.147491 -0.09650128
0.2266058 -0.1819378 0.1671264 0.1710391 0.1891008 -0.07169277
0.2215372 -0.2101379 0.1567774 0.1685547 0.1618765 -0.12808
0.2244994 -0.1889089 0.1635125 0.1140136 0.161288 -0.1004286
0.2243728 -0.1893019 0.1330563 0.1275773 0.1487583 -0.1269724
0.2218114 -0.1820108 0.1293558 0.1067485 0.1913467 -0.08723475
0.1658118 -0.2370925 0.1214797 0.07381678 0.2008158 -0.08853479
0.1809057 -0.2317657 0.1415983 0.1123959 0.1622807 -0.09868012
0.1809057 -0.2317657 0.1415983 0.1123959 0.1622807 -0.09868012
0.1827666 -0.2075772 0.1683097 0.1050902 0.1551013 -0.1137798
0.1828764 -0.2004337 0.1219563 0.1520672 0.1691313 -0.1312848
0.193236 -0.1848821 0.14739 0.1536891 0.1538679 -0.1273654
0.2035086 -0.2174212 0.1699543 0.1537182 0.1279349 -0.1309903
0.2116449 -0.1914746 0.1611777 0.2059773 0.1304584 -0.09694498
0.2148752 -0.2054651 0.1862936 0.1411788 0.1155953 -0.08880343
0.2226589 -0.22789 0.2109644 0.0927344 0.1078652 -0.07816631
0.2161666 -0.2290406 0.2037604 0.1303921 0.1263404 -0.08659364
0.2161666 -0.2290406 0.2037604 0.1303921 0.1263404 -0.08659364
0.2053829 -0.1916837 0.1782227 0.1247706 0.1343831 -0.1165948
0.2048898 -0.1996498 0.1691884 0.08315696 0.1525339 -0.107082
0.2175307 -0.1899081 0.1672519 0.137007 0.158513 -0.1324147
0.2141222 -0.2029685 0.1658214 0.1303771 0.1060197 -0.1515985
0.2127442 -0.206713 0.1906359 0.1751578 0.09832897 -0.1316511
0.2171797 -0.2398493 0.2011105 0.1438481 0.13058 -0.08879242
0.2111729 -0.2076924 0.1698965 0.1117449 0.126641 -0.1227176
0.2111729 -0.2076924 0.1698965 0.1117449 0.126641 -0.1227176
0.2111729 -0.2076924 0.1698965 0.1117449 0.126641 -0.1227176
0.2111729 -0.2076924 0.1698965 0.1117449 0.126641 -0.1227176
0.2111729 -0.2076924 0.1698965 0.1117449 0.126641 -0.1227176
0.2111729 -0.2076924 0.1698965 0.1117449 0.126641 -0.1227176
0.2177701 -0.2141063 0.1938163 0.157069 0.1327187 -0.1048445
0.1815804 -0.2761273 0.1666553 0.06296787 0.1176818 -0.1360964
0.1837056 -0.2232795 0.157966 0.1000143 0.1064929 -0.123337
0.1806233 -0.2062976 0.1851495 0.06194232 0.1061222 -0.1246323
0.182715 -0.194685 0.1764748 0.02903422 0.09615675 -0.1413435
0.1939268 -0.1913525 0.180541 0.04702904 0.1038723 -0.132903
0.1912098 -0.1828005 0.1756881 0.08806518 0.1129753 -0.1085693
0.2080746 -0.1955942 0.186929 0.06134399 0.1011749 -0.1239025
0.1610216 -0.2255747 0.1458907 0.1097901 0.1185406 -0.1069053
0.1624151 -0.2087139 0.1587958 0.05601612 0.1256915 -0.09944811
0.168976 -0.2034974 0.1625735 0.06702911 0.1354418 -0.0871482
0.1933093 -0.2154131 0.1524007 0.0599139 0.1305383 -0.09437422
0.2065371 -0.2335059 0.1311907 0.08362211 0.09226816 -0.1382231
0.1996923 -0.2339111 0.1811378 0.06938665 0.101661 -0.1166084
0.2073524 -0.230625 0.1825663 0.06966323 0.1033618 -0.1160621
0.198089 -0.2078832 0.1808327 0.01364033 0.1167686 -0.1092854
0.1927892 -0.1989475 0.1675562 -0.02383726 0.1398577 -0.08803881
0.1927892 -0.1989475 0.1675562 -0.02383726 0.1398577 -0.08803881
0.217688 -0.1793029 0.1586991 0.1127758 0.1240671 -0.1029732
0.2120948 -0.1766677 0.1811752 0.06414268 0.1016022 -0.1214512
0.1956825 -0.1070942 0.1544569 0.06296976 0.1362007 -0.1103624
0.1451396 -0.1623596 0.1410446 0.08417243 0.1301364 -0.1228106
0.1539888 -0.1577007 0.1400445 0.08052579 0.1433747 -0.09680697
0.1712215 -0.1773812 0.1508878 0.07252911 0.1180593 -0.1069143
0.1712215 -0.1773812 0.1508878 0.07252911 0.1180593 -0.1069143
0.1814324 -0.1863418 0.1764406 -0.02011663 0.1124474 -0.1266281
0.1993978 -0.2019765 0.1818058 0.02800624 0.115464 -0.09295176
0.1950647 -0.1970169 0.1818224 0.02711795 0.0823677 -0.1662295
0.1950647 -0.1970169 0.1818224 0.02711795 0.0823677 -0.1662295
0.1950647 -0.1970169 0.1818224 0.02711795 0.0823677 -0.1662295
0.195837 -0.2123666 0.1979496 0.06395276 0.1296496 -0.1350992
0.1992281 -0.2245295 0.1843184 0.04611458 0.07225092 -0.1583792
0.1992281 -0.2245295 0.1843184 0.04611458 0.07225092 -0.1583792
0.2080557 -0.2280568 0.2151551 0.007130966 0.08066563 -0.1606075
0.1629527 -0.2329867 0.1638817 0.01451973 0.09208382 -0.1496026
0.1646004 -0.1968856 0.1516601 0.0002892036 0.1370445 -0.1170213
0.16124 -0.1813383 0.1424684 -0.01703019 0.1170435 -0.1413245
0.16124 -0.1813383 0.1424684 -0.01703019 0.1170435 -0.1413245
0.16124 -0.1813383 0.1424684 -0.01703019 0.1170435 -0.1413245
0.16124 -0.1813383 0.1424684 -0.01703019 0.1170435 -0.1413245
0.1708637 -0.1472185 0.1437436 0.04479501 0.1195285 -0.145881
0.1769171 -0.1481006 0.1398027 0.07573107 0.1085331 -0.1915062
0.1751608 -0.1430133 0.1648577 0.05486951 0.08215323 -0.1602148
0.1823476 -0.1381906 0.1644556 0.08172112 0.10046 -0.1424277
0.2032462 -0.1605969 0.1757205 0.1114158 0.1030086 -0.1438189
0.2044294 -0.1578786 0.1437835 0.1955435 0.1332097 -0.1232506
0.2026865 -0.1225047 0.1460931 0.1733075 0.1292663 -0.1177277
0.2081538 -0.1444353 0.1409941 0.1491159 0.1405983 -0.108646
0.2168172 -0.1642693 0.1688036 0.2127418 0.08815162 -0.1151379
0.2168172 -0.1642693 0.1688036 0.2127418 0.08815162 -0.1151379
0.2168172 -0.1642693 0.1688036 0.2127418 0.08815162 -0.1151379
0.2168172 -0.1642693 0.1688036 0.2127418 0.08815162 -0.1151379
0.2168172 -0.1642693 0.1688036 0.2127418 0.08815162 -0.1151379
0.2421681 -0.2224157 0.1891999 0.217758 0.04615679 -0.1465488
0.2261455 -0.2134049 0.1702219 0.2065924 0.0713029 -0.1427172
0.2261455 -0.2134049 0.1702219 0.2065924 0.0713029 -0.1427172
0.2261455 -0.2134049 0.1702219 0.2065924 0.0713029 -0.1427172
0.2261455 -0.2134049 0.1702219 0.2065924 0.0713029 -0.1427172
0.2261455 -0.2134049 0.1702219 0.2065924 0.0713029 -0.1427172
0.2261455 -0.2134049 0.1702219 0.2065924 0.0713029 -0.1427172
0.2261455 -0.2134049 0.1702219 0.2065924 0.0713029 -0.1427172
0.2156727 -0.2109921 0.1869699 0.1299183 0.1077582 -0.0915492
0.2164319 -0.1981126 0.183191 0.1273233 0.1161527 -0.07630504
0.2234125 -0.2123578 0.1945757 0.1489739 0.10351 -0.07314222
0.2144935 -0.1763236 0.1841511 0.1119051 0.1196361 -0.08361083
0.2247092 -0.2145996 0.1742374 0.1394457 0.1015436 -0.111047
0.2220244 -0.2080071 0.1785878 0.1182719 0.08194356 -0.1152994
0.1711742 -0.2368085 0.1527793 0.1582336 0.1115057 -0.1008863
0.1919946 -0.2628593 0.1560088 0.09158498 0.09696623 -0.1108121
0.1919946 -0.2628593 0.1560088 0.09158498 0.09696623 -0.1108121
0.1919946 -0.2628593 0.1560088 0.09158498 0.09696623 -0.1108121
0.1919946 -0.2628593 0.1560088 0.09158498 0.09696623 -0.1108121
0.1919946 -0.2628593 0.1560088 0.09158498 0.09696623 -0.1108121
0.1891834 -0.2967409 0.1634949 0.09366091 0.09179094 -0.1156087
0.2095612 -0.2543034 0.1645685 0.09185731 0.09518944 -0.1103942
0.2165251 -0.2582965 0.1891224 0.07002734 0.0958854 -0.100257
0.2396264 -0.2403665 0.1847548 0.08969581 0.104614 -0.09245181
0.1887769 -0.251139 0.1298059 0.1414865 0.1495282 -0.1333145
0.189883 -0.1953549 0.1080828 0.131748 0.1350727 -0.1328315
0.2097156 -0.2111411 0.1183639 0.1174979 0.1397914 -0.1012468
0.220642 -0.1910021 0.121094 0.1852165 0.1215096 -0.1341524
0.2106159 -0.1825161 0.1014785 0.152821 0.1242073 -0.1571755
0.2265898 -0.1774078 0.1593038 0.1387763 0.1177942 -0.1313058
0.1758912 -0.2290464 0.1551854 0.1374031 0.1341696 -0.1234917
0.1831435 -0.2138015 0.132267 0.0949787 0.1430475 -0.1359766
0.2044359 -0.1802857 0.1475048 0.1310606 0.1414617 -0.07102276
0.2153085 -0.217571 0.1625018 0.1189483 0.1250709 -0.09932729
0.217205 -0.1982106 0.1554511 0.1431935 0.1555482 -0.1037563
0.223921 -0.2025456 0.1614576 0.1242404 0.1557504 -0.07761553
0.2246909 -0.1988901 0.1396415 0.1329284 0.1512016 -0.09333321
0.1992141 -0.232561 0.1859251 0.09299272 0.1067129 -0.1430356
0.2030116 -0.2027349 0.1434053 0.0646714 0.1376914 -0.1207946
0.2158052 -0.2046026 0.1732523 0.1234679 0.1320