0.2054978 -0.2389137 0.1691582 0.0424374 0.09691223 -0.1047118
0.2342199 -0.2318254 0.1647334 0.06466789 0.1242831 -0.08563592
0.1762625 -0.275979 0.1590687 0.0602758 0.09961999 -0.09907475
0.1779994 -0.2537494 0.1601449 0.06904887 0.09878673 -0.08205671
0.1876905 -0.2672482 0.1493391 0.07278429 0.08366747 -0.1055049
0.1834644 -0.2500956 0.1706262 0.02619111 0.1031596 -0.09730931
0.2087296 -0.2590096 0.1660035 0.05534852 0.1362785 -0.06869791
0.2077918 -0.2531529 0.1787651 0.06036528 0.1105713 -0.07300302
0.1989135 -0.2264782 0.1699704 0.03613354 0.1173152 -0.09119976
0.1575145 -0.2642115 0.1592884 0.02440382 0.1296556 -0.07094848
0.1603324 -0.2770819 0.1667759 0.002805714 0.1130073 -0.0912951
0.1790749 -0.1577513 0.1995426 -0.1072403 -0.1676039 -0.316144
0.1918976 -0.1671587 0.2355397 -0.1322017 -0.1765937 -0.291244
0.1328803 -0.201112 0.1850726 -0.1149102 -0.1635105 -0.2737487
0.1537252 -0.1584368 0.1849174 -0.1171828 -0.1600907 -0.2772918
0.1945237 -0.211454 0.1569343 0.09363621 -0.1082763 -0.2203331
0.1717057 -0.1202955 0.1537525 0.1500751 -0.1264478 -0.254799
0.1893422 -0.09340879 0.1363525 0.1338409 -0.1114731 -0.2568247
0.2117127 -0.08474054 0.1088608 0.1779386 -0.1025578 -0.2505704
0.2512591 -0.1489633 0.1622774 0.1694859 -0.0524598 -0.2136007
0.1578258 -0.1440436 0.1054506 0.117329 -0.09367878 -0.2308628
0.1708798 -0.1233563 0.1319285 0.1094737 -0.1062324 -0.2372624
0.1866205 -0.1067885 0.1458975 0.1362044 -0.06399096 -0.2220777
0.1900075 -0.07305624 0.11695 0.1244081 -0.06286172 -0.2382502
0.1838398 -0.05455505 0.1143752 0.1046353 -0.04786991 -0.2376053
0.1934036 -0.02840266 0.08924524 0.1225327 -0.03139645 -0.2653333
0.1874471 -0.1034015 0.1514257 0.06905212 0.02868203 -0.2137831
0.1907641 -0.1395719 0.1423955 0.01815306 0.04244508 -0.206705
0.2342895 -0.1783371 0.138564 0.1088882 0.0715878 -0.1595571
0.2310681 -0.1593912 0.1212349 0.1958171 0.03363514 -0.2214349
0.2302583 -0.1554544 0.1051605 0.2176167 0.02580352 -0.2381568
0.2385592 -0.1683092 0.1003776 0.252618 0.05372678 -0.2158889
0.234462 -0.1638259 0.07960272 0.2562866 0.0543339 -0.2206655
0.2304056 -0.1676401 0.1241349 0.2042023 0.04810279 -0.236567
0.2304056 -0.1676401 0.1241349 0.2042023 0.04810279 -0.236567
0.2304056 -0.1676401 0.1241349 0.2042023 0.04810279 -0.236567
0.2376309 -0.153479 0.1052452 0.2354944 0.03211398 -0.251348
0.2376309 -0.153479 0.1052452 0.2354944 0.03211398 -0.251348
0.2389759 -0.1678006 0.1379434 0.2807071 0.02755323 -0.2100386
0.2389759 -0.1678006 0.1379434 0.2807071 0.02755323 -0.2100386
0.2389759 -0.1678006 0.1379434 0.2807071 0.02755323 -0.2100386
0.2389759 -0.1678006 0.1379434 0.2807071 0.02755323 -0.2100386
0.2432655 -0.1615621 0.1372345 0.3375827 0.06815199 -0.2115699
0.2432655 -0.1615621 0.1372345 0.3375827 0.06815199 -0.2115699
0.2494883 -0.1560086 0.1121852 0.3420565 0.05606865 -0.2257914
0.2498789 -0.1108952 0.1059446 0.359398 0.06685563 -0.2136196
0.281771 -0.1329799 0.147299 0.3221878 0.05155928 -0.2038285
0.181773 -0.176281 0.08519185 0.2903376 0.06235724 -0.2106218
0.1799429 -0.1942787 0.1310086 0.2052779 0.06391351 -0.2086111
0.2134562 -0.1737102 0.101061 0.2796082 0.05177504 -0.2086394
0.2274694 -0.1856996 0.101135 0.2848524 0.07705569 -0.1636281
0.2274694 -0.1856996 0.101135 0.2848524 0.07705569 -0.1636281
0.2274694 -0.1856996 0.101135 0.2848524 0.07705569 -0.1636281
0.2274694 -0.1856996 0.101135 0.2848524 0.07705569 -0.1636281
0.2379802 -0.1708982 0.07395579 0.2482677 0.03793591 -0.2043315
0.2344953 -0.1945477 0.09261606 0.2474675 0.05102611 -0.1807515
0.2527765 -0.1981743 0.08879758 0.2854678 0.05014596 -0.197306
0.2453341 -0.2205966 0.1079182 0.2370916 0.06010437 -0.1917572
0.2405099 -0.2324752 0.1143209 0.2365904 0.05838976 -0.1850182
0.2405099 -0.2324752 0.1143209 0.2365904 0.05838976 -0.1850182
0.2361264 -0.1998182 0.1126075 0.2721406 0.08108411 -0.2002334
0.2361264 -0.1998182 0.1126075 0.2721406 0.08108411 -0.2002334
0.2361264 -0.1998182 0.1126075 0.2721406 0.08108411 -0.2002334
0.2361264 -0.1998182 0.1126075 0.2721406 0.08108411 -0.2002334
0.2361264 -0.1998182 0.1126075 0.2721406 0.08108411 -0.2002334
0.2510491 -0.1998472 0.1622538 0.2267747 0.03700635 -0.1940752
0.2547871 -0.1984855 0.1416252 0.2506067 0.05746412 -0.1931993
0.2423893 -0.2006422 0.1721068 0.2129796 0.06927978 -0.178771
0.2528247 -0.198603 0.115273 0.2884532 0.08579204 -0.1552701
0.2488039 -0.2100466 0.1296262 0.2744752 0.1309032 -0.1483795
0.2410029 -0.2132622 0.1370389 0.2456833 0.08981671 -0.1471072
0.2305609 -0.238543 0.1878403 0.2331833 0.09398919 -0.1573895
0.2305609 -0.238543 0.1878403 0.2331833 0.09398919 -0.1573895
0.2305609 -0.238543 0.1878403 0.2331833 0.09398919 -0.1573895
0.2305609 -0.238543 0.1878403 0.2331833 0.09398919 -0.1573895
0.2305609 -0.238543 0.1878403 0.2331833 0.09398919 -0.1573895
0.2198649 -0.2237726 0.1487895 0.2128545 0.08934966 -0.1559882
0.2198649 -0.2237726 0.1487895 0.2128545 0.08934966 -0.1559882
0.2198649 -0.2237726 0.1487895 0.2128545 0.08934966 -0.1559882
0.2198649 -0.2237726 0.1487895 0.2128545 0.08934966 -0.1559882
0.2198649 -0.2237726 0.1487895 0.2128545 0.08934966 -0.1559882
0.2213207 -0.2280462 0.1533621 0.2216399 0.06079822 -0.1721479
0.2499402 -0.2418916 0.1876995 0.2483283 0.06992036 -0.1372346
0.2645625 -0.2542375 0.1503952 0.225553 0.1097841 -0.1275058
0.1795236 -0.2654135 0.1216056 0.1928834 0.1631064 -0.1513934
0.1804039 -0.2649411 0.1243292 0.179104 0.1224066 -0.175398
0.1976783 -0.2733051 0.1625141 0.1590018 0.09222386 -0.1308408
0.2172849 -0.2432383 0.1759333 0.1472452 0.0956889 -0.1201007
0.2172849 -0.2432383 0.1759333 0.1472452 0.0956889 -0.1201007
0.2172849 -0.2432383 0.1759333 0.1472452 0.0956889 -0.1201007
0.2357848 -0.2264351 0.1665309 0.105357 0.08571514 -0.174328
0.2341532 -0.2435487 0.1723086 0.07034054 0.07563066 -0.1700998
0.2341532 -0.2435487 0.1723086 0.07034054 0.07563066 -0.1700998
0.2341532 -0.2435487 0.1723086 0.07034054 0.07563066 -0.1700998
0.2571133 -0.249464 0.1675304 0.0885129 0.05618359 -0.1672631
0.1940352 -0.2592701 0.1544961 0.1372245 0.08424852 -0.1588252
0.1994761 -0.2868047 0.1739263 0.1120492 0.07694041 -0.1838771
0.2040787 -0.2752025 0.1286988 0.09715611 0.07643228 -0.1859416
0.2105898 -0.2681423 0.1475465 0.1002154 0.08515555 -0.1669073
0.220221 -0.2559078 0.1317935 0.1045814 0.09949855 -0.1634543
0.2212339 -0.25432 0.1861373 0.0791501 0.06630528 -0.168666
0.2397939 -0.2477455 0.1433061 0.1931397 0.08369271 -0.1748407
0.2397939 -0.2477455 0.1433061 0.1931397 0.08369271 -0.1748407
0.2397939 -0.2477455 0.1433061 0.1931397 0.08369271 -0.1748407
0.2555144 -0.2627273 0.1507873 0.1847619 0.06550506 -0.2085221
0.250057 -0.2287439 0.1726918 0.1514507 0.06570286 -0.1694307
0.2341371 -0.228521 0.1853899 0.1482893 0.07143902 -0.15162
0.2384598 -0.2159317 0.1809772 0.1518494 0.07244633 -0.1684921
0.1771602 -0.2194798 0.1360572 0.1149866 0.06930168 -0.1900034
0.1710881 -0.2208119 0.1143498 0.1148206 0.097168 -0.1820764
0.1710881 -0.2208119 0.1143498 0.1148206 0.097168 -0.1820764
0.1710881 -0.2208119 0.1143498 0.1148206 0.097168 -0.1820764
0.173798 -0.2241405 0.1461753 0.08409131 0.07416855 -0.1715133
0.1910959 -0.2219195 0.1553873 0.1016806 0.08975062 -0.1798849
0.1910959 -0.2219195 0.1553873 0.1016806 0.08975062 -0.1798849
0.2277457 -0.2449279 0.1483344 0.1035677 0.08570051 -0.1640262
0.2238044 -0.2504701 0.1693933 0.05675365 0.06924043 -0.1456271
0.2238044 -0.2504701 0.1693933 0.05675365 0.06924043 -0.1456271
0.2238044 -0.2504701 0.1693933 0.05675365 0.06924043 -0.1456271
0.2169743 -0.2550699 0.1756768 0.07769314 0.0735344 -0.1523941
0.2233875 -0.2629793 0.2032309 0.1034203 0.07095358 -0.1494477
0.2374314 -0.2498179 0.2079265 0.08238176 0.06150304 -0.1647655
0.1839009 -0.3294023 0.1936182 0.07187417 0.04363332 -0.1567121
0.1734791 -0.3086844 0.1682249 0.01558025 0.06441576 -0.1493956
0.1780389 -0.3063352 0.1905806 -0.01083959 0.07402935 -0.1294536
0.1949542 -0.2589129 0.1727677 0.0866449 0.08232176 -0.1392465
0.2196054 -0.2605328 0.1724225 -0.02268713 0.06483243 -0.1295962
0.2195564 -0.2703263 0.1727971 0.01156111 0.06609359 -0.1316621
0.2195564 -0.2703263 0.1727971 0.01156111 0.06609359 -0.1316621
0.2195564 -0.2703263 0.1727971 0.01156111 0.06609359 -0.1316621
0.2195564 -0.2703263 0.1727971 0.01156111 0.06609359 -0.1316621
0.2283726 -0.1565082 0.1867962 0.1097264 0.09877328 -0.1224333
0.1604101 -0.2145068 0.1608217 0.04844277 0.1180737 -0.1444589
0.1552202 -0.2337846 0.1524143 0.05344207 0.09350589 -0.1460231
0.1805933 -0.2139789 0.1199922 0.07045709 0.08204 -0.1688768
0.1961275 -0.2612592 0.1703614 0.1176671 0.09252094 -0.1296699
0.2083657 -0.2729556 0.1456287 0.04529394 0.07895794 -0.139303
0.2090335 -0.2577331 0.153336 0.0349624 0.07929194 -0.1456435
0.1593139 -0.275487 0.1500304 -0.003821543 0.08014397 -0.1514121
0.1718022 -0.275218 0.1569646 -0.03836907 0.07050757 -0.1584524
0.1821437 -0.2679555 0.1261733 0.00549151 0.1044448 -0.1465035
0.196534 -0.228378 0.1219941 0.06613538 0.08326606 -0.1492677
0.196534 -0.228378 0.1219941 0.06613538 0.08326606 -0.1492677
0.200943 -0.2420107 0.1409025 0.06996924 0.08443002 -0.1410138
0.2054479 -0.246786 0.133602 0.04151961 0.08125046 -0.153757
0.2115298 -0.244241 0.14709 0.09205557 0.085976 -0.1303637
0.2259967 -0.2343042 0.1527408 0.06280151 0.06640619 -0.138395
0.1661945 -0.2836168 0.1118109 0.08162154 0.08822113 -0.1463482
0.1958511 -0.2565981 0.160776 0.04575238 0.06307773 -0.1547706
0.2070863 -0.2727832 0.1865437 0.03740215 0.05159725 -0.1567894
0.2070863 -0.2727832 0.1865437 0.03740215 0.05159725 -0.1567894
0.2070863 -0.2727832 0.1865437 0.03740215 0.05159725 -0.1567894
0.2351057 -0.2527994 0.2016673 0.02110128 0.09639974 -0.1186331
0.2526835 -0.21692 0.1848343 0.03775824 0.09065178 -0.1173524
0.2184304 -0.274964 0.1457432 0.1217747 0.08669273 -0.1443471
0.224376 -0.2804258 0.1653338 0.1262945 0.09676666 -0.1546002
0.224376 -0.2804258 0.1653338 0.1262945 0.09676666 -0.1546002
0.2339159 -0.3064116 0.1759318 0.1025798 0.09168691 -0.1488055
0.2345486 -0.2846193 0.1769523 0.1290739 0.08269477 -0.1404732
0.2254602 -0.2480905 0.1436726 0.08332237 0.08330479 -0.1312492
0.2269729 -0.2117263 0.139617 0.08749523 0.09166923 -0.1475028
0.1849849 -0.2539851 0.131889 0.1107145 0.06453118 -0.1662401
0.1806885 -0.2548953 0.1276778 0.06990753 0.05989293 -0.154967
0.1998758 -0.2714371 0.1307003 0.05902107 0.09526531 -0.1372126
0.2062045 -0.2572115 0.1403497 0.05941559 0.09366575 -0.1370813
0.2115525 -0.2297383 0.1470439 0.09623101 0.07958056 -0.1628333
0.212277 -0.2110592 0.1467877 0.1075222 0.06004881 -0.1824281
0.212277 -0.2110592 0.1467877 0.1075222 0.06004881 -0.1824281
0.212277 -0.2110592 0.1467877 0.1075222 0.06004881 -0.1824281
0.212277 -0.2110592 0.1467877 0.1075222 0.06004881 -0.1824281
0.212277 -0.2110592 0.1467877 0.1075222 0.06004881 -0.1824281
0.2451165 -0.2418288 0.1877301 0.1718638 0.08055218 -0.1283495
0.2433603 -0.2386264 0.131387 0.1252749 0.1137995 -0.1506015
0.2409024 -0.2169415 0.1290206 0.131574 0.1449274 -0.1461366
0.2423361 -0.2439875 0.1585393 0.1608097 0.06570213 -0.1443833
0.2397596 -0.2346628 0.1692415 0.1486366 0.06401161 -0.1505255
0.2397596 -0.2346628 0.1692415 0.1486366 0.06401161 -0.1505255
0.2228894 -0.229379 0.155269 0.1241346 0.1063764 -0.1615086
0.1819979 -0.2569368 0.1257487 0.1390742 0.1031438 -0.1649347
0.1819458 -0.283909 0.142369 0.08187281 0.05705606 -0.1716152
0.1994982 -0.2878994 0.1715582 0.1022559 0.05441016 -0.1390612
0.1994982 -0.2878994 0.1715582 0.1022559 0.05441016 -0.1390612
0.2324721 -0.2776026 0.1504322 0.1693675 0.07668795 -0.1472117
0.2295628 -0.2350854 0.149547 0.1125743 0.07411537 -0.1579819
0.2349055 -0.229399 0.1472288 0.1388344 0.07590008 -0.1381141
0.2610175 -0.2249355 0.172017 0.149839 0.08207622 -0.1412659
0.1651467 -0.2667136 0.118282 0.1284356 0.07851801 -0.1574034
0.1782384 -0.2894004 0.1407784 0.09671976 0.0888946 -0.1175489
0.2046031 -0.3088293 0.1655503 0.1530488 0.1109648 -0.08964866
0.2087405 -0.2962612 0.1892851 0.1018686 0.1109819 -0.1113377
0.2090049 -0.2809367 0.1719536 0.08651386 0.08964621 -0.1099936
0.2115542 -0.266054 0.1922407 0.1032608 0.09121104 -0.102151
0.2115542 -0.266054 0.1922407 0.1032608 0.09121104 -0.102151
0.2210796 -0.2740059 0.1757855 0.09943101 0.08446854 -0.1221293
0.2237804 -0.2151407 0.1901024 0.1043981 0.06190208 -0.1537369
0.2258494 -0.2249286 0.1947798 0.1552561 0.06750882 -0.1556369
0.1868178 -0.2803271 0.1647541 0.18165 0.08083402 -0.1274
0.2482161 -0.2734745 0.1585389 0.2042577 0.07588845 -0.1382945
0.1802708 -0.2907694 0.1233292 0.1780093 0.1075305 -0.1234434
0.1856195 -0.2765315 0.1122869 0.1666752 0.1181796 -0.1401924
0.1975303 -0.2751666 0.1025563 0.1684289 0.1014977 -0.1496118
0.2231012 -0.2582752 0.1296857 0.1695638 0.1020557 -0.124061
0.1831647 -0.2785942 0.1013564 0.1885718 0.1149844 -0.1275359
0.1831312 -0.2772819 0.1212134 0.1663388 0.1129974 -0.1356015
0.1893282 -0.22531 0.112829 0.1746117 0.1124976 -0.1408203
0.2085941 -0.23825 0.1678017 0.08131978 0.109809 -0.1347006
0.2280501 -0.2397863 0.154884 0.05175054 0.1235865 -0.1072599
0.2322371 -0.2152875 0.1476064 0.1662435 0.09487266 -0.1263847
0.1579646 -0.2509558 0.1232749 0.1266262 0.1229063 -0.154443
0.1845274 -0.2804091 0.1144436 0.1186406 0.09730297 -0.1550312
0.1842163 -0.2826415 0.09851882 0.1351725 0.1063595 -0.1586124
0.2009631 -0.297408 0.1348733 0.1577542 0.0856167 -0.1409772
0.2042731 -0.287237 0.1514493 0.1552915 0.08861241 -0.1327826
0.2042731 -0.287237 0.1514493 0.1552915 0.08861241 -0.1327826
0.2042731 -0.287237 0.1514493 0.1552915 0.08861241 -0.1327826
0.207184 -0.2432356 0.1320872 0.1118749 0.09634535 -0.1362255
0.2189816 -0.2483786 0.1416685 0.104416 0.1116206 -0.1460794
0.1904968 -0.3036988 0.1494643 0.04938006 0.1033849 -0.1739601
0.1904968 -0.3036988 0.1494643 0.04938006 0.1033849 -0.1739601
0.1971211 -0.242486 0.1408419 0.04671952 0.1212132 -0.1666414
0.2085851 -0.2450465 0.1592943 0.06114592 0.1114596 -0.1291872
0.203765 -0.2391328 0.1649759 0.0343449 0.1181101 -0.1443817
0.2136754 -0.2628928 0.1755276 0.08454324 0.08557425 -0.1541635
0.22865 -0.2536235 0.19515 0.04230189 0.1118658 -0.09487498
0.1704262 -0.2834413 0.1344562 0.02331164 0.1332748 -0.130695
0.1851075 -0.2639296 0.1823455 0.02697068 0.1440699 -0.1236182
0.1993638 -0.2627393 0.1900341 0.02480874 0.1161406 -0.1377667
0.2137461 -0.2536792 0.2017375 0.0466625 0.1151136 -0.1426656
0.2246326 -0.2680347 0.2009974 0.1020038 0.1326238 -0.1058497
0.224378 -0.2497646 0.1825834 0.0860566 0.1603407 -0.08509787
0.1774112 -0.3079177 0.1737612 0.09725894 0.1680883 -0.082952
0.186438 -0.2949902 0.1293887 0.1383011 0.1574796 -0.1104657
0.1936733 -0.2952599 0.1483067 0.1195499 0.1671147 -0.1024593
0.1872527 -0.2442496 0.1763543 0.1071862 0.1315881 -0.1113616
0.2090993 -0.2381488 0.1842669 0.07461953 0.1307547 -0.1150462
0.2100414 -0.2509948 0.1684062 0.05083857 0.1409777 -0.116651
0.2053889 -0.2637185 0.1465328 0.02337229 0.1316527 -0.11774
0.1603238 -0.2712134 0.1003421 0.08389501 0.1492331 -0.1235292
0.1681317 -0.2872519 0.1493803 0.06669994 0.1499211 -0.126442
0.196373 -0.2634548 0.1358732 0.1199687 0.1271065 -0.1046678
0.2130208 -0.290483 0.149801 0.07719554 0.1030897 -0.1156317
0.207469 -0.2483144 0.1541792 0.09005109 0.136416 -0.1123062
0.222496 -0.2643663 0.176392 0.1089488 0.1117517 -0.1142562
0.1954274 -0.2894595 0.1663088 0.06463765 0.06095293 -0.156783
0.1954274 -0.2894595 0.1663088 0.06463765 0.06095293 -0.156783
0.1954274 -0.2894595 0.1663088 0.06463765 0.06095293 -0.156783
0.1988683 -0.3053817 0.1575065 0.1185647 0.1266137 -0.1124434
0.2183636 -0.2946263 0.1637829 0.09847005 0.123349 -0.113928
0.1721284 -0.3073692 0.1726465 0.09410536 0.08951866 -0.1335034
0.1796002 -0.2998341 0.1699389 0.1038104 0.1272045 -0.1371186
0.1881553 -0.2922175 0.1660337 0.105285 0.1412331 -0.09984882
0.2126442 -0.2864877 0.1843773 0.1181317 0.1315675 -0.104154
0.2334807 -0.2974046 0.1802149 0.1210213 0.09982082 -0.1301279
0.2235303 -0.2653764 0.1770626 0.1160672 0.115331 -0.1239613
0.2100803 -0.2261602 0.1784075 0.1078442 0.1330686 -0.1056933
0.1807708 -0.2822737 0.1724904 0.05271877 0.1004625 -0.1246595
0.1855945 -0.2813789 0.1417718 0.07297771 0.1104706 -0.1165223
0.1790489 -0.2608177 0.1362802 0.09831634 0.1273357 -0.1021882
0.1847084 -0.2313835 0.1414697 0.09847087 0.1439413 -0.07992422
0.2099939 -0.2016763 0.1670599 0.102442 0.1201437 -0.1153239
0.1561931 -0.2340416 0.1351085 0.08430192 0.1480818 -0.1255964
0.1755064 -0.2136009 0.1742965 0.07313286 0.1283741 -0.09719504
0.1779692 -0.1971737 0.1757312 0.1208612 0.1375875 -0.09732486
0.1802017 -0.1905275 0.163488 0.04302958 0.1185151 -0.09758747
0.2160982 -0.2038019 0.171589 0.07793407 0.1393117 -0.09032013
0.1679117 -0.2663841 0.1160182 0.111612 0.1318564 -0.09284172
0.1770591 -0.2609314 0.09123554 0.08689238 0.1197172 -0.1005701
0.1777263 -0.2672085 0.1293826 0.05123144 0.1570151 -0.0621391
0.2081809 -0.2553374 0.1420054 0.1473223 0.1319579 -0.08624497
0.2025393 -0.2038204 0.1488061 0.1114992 0.1427883 -0.08430867
0.2355265 -0.2165233 0.2108346 0.1388271 0.1351867 -0.1031506
0.1558639 -0.2472862 0.1183196 0.09475977 0.1244046 -0.1399643
0.167402 -0.2596965 0.1158607 0.1035102 0.1430318 -0.1181033
0.1670228 -0.204263 0.1164402 0.05261464 0.1017024 -0.1704258
0.1816775 -0.2064614 0.1346338 0.04885975 0.1080105 -0.1490966
0.1913352 -0.1687557 0.1242047 0.05088919 0.1015858 -0.1459779
0.1948505 -0.1787494 0.121052 0.05727014 0.112835 -0.1296803
0.2005541 -0.1778889 0.1267152 0.08280841 0.09044386 -0.1478677
0.2005541 -0.1778889 0.1267152 0.08280841 0.09044386 -0.1478677
0.1987318 -0.1659501 0.1505697 0.0706218 0.1103751 -0.1423206
0.155973 -0.2020865 0.1578142 0.04884022 0.09212847 -0.1462208
0.1673319 -0.2206079 0.1366025 0.08564468 0.1081912 -0.1169523
0.1834674 -0.2191602 0.1094523 0.04532974 0.08035227 -0.1470145
0.1890965 -0.2225944 0.1563585 0.04441961 0.09665834 -0.1341632
0.19273 -0.2104465 0.132199 0.07392561 0.1258674 -0.1620176
0.2010665 -0.2032563 0.1257767 0.09031665 0.1146284 -0.1579279
0.2010665 -0.2032563 0.1257767 0.09031665 0.1146284 -0.1579279
0.2010665 -0.2032563 0.1257767 0.09031665 0.1146284 -0.1579279
0.2036629 -0.1799418 0.1476284 0.09447581 0.1222941 -0.1581742
0.2157614 -0.1881417 0.1420047 0.08995831 0.1131776 -0.1517829
0.2157614 -0.1881417 0.1420047 0.08995831 0.1131776 -0.1517829
0.2157614 -0.1881417 0.1420047 0.08995831 0.1131776 -0.1517829
0.2105728 -0.1925458 0.1683292 0.09237182 0.1038579 -0.157578
0.2094827 -0.1706946 0.1814455 0.08567837 0.09075738 -0.1612869
0.1604469 -0.1690109 0.1508234 0.1385481 0.02481291 -0.1581502
0.1615961 -0.1765239 0.1830147 0.05156351 0.02746029 -0.1588302
0.1685778 -0.1726209 0.1359721 0.04320962 0.02076775 -0.1511949
0.1950161 -0.1593667 0.126786 0.07674051 0.03615649 -0.1602609
0.2112442 -0.146357 0.1412263 0.1171958 0.03281067 -0.149804
0.1429854 -0.1214736 0.1016863 0.1407779 0.04984874 -0.17036
0.1339817 -0.1312661 0.1325265 0.09054879 0.04407803 -0.1647958
0.1541107 -0.1616177 0.1208545 0.07867592 0.03890701 -0.1537927
0.1698178 -0.1733038 0.1292304 0.09764496 0.04732009 -0.148422
0.191995 -0.1392812 0.1436718 0.128258 0.0834938 -0.1712516
0.1957082 -0.1297569 0.1277333 0.130599 0.07747822 -0.1756771
0.2088307 -0.1458084 0.1622927 0.1310135 0.07303602 -0.1701664
0.2240448 -0.1541415 0.1351812 0.1744 0.08290635 -0.1616396
0.2177088 -0.1389327 0.08733767 0.2132982 0.1016004 -0.1694864
0.2189696 -0.1438601 0.1171255 0.2195614 0.09389838 -0.1844872
0.1675594 -0.2045252 0.09505796 0.1868145 0.06818967 -0.1675168
0.169273 -0.2063994 0.1222282 0.1931122 0.08959036 -0.1763558
0.2170229 -0.150023 0.1491027 0.198518 0.08264319 -0.1604354
0.2370984 -0.1625638 0.122852 0.2331356 0.07051535 -0.1634093
0.1537808 -0.2093695 0.1064115 0.1815793 0.09520178 -0.1573367
0.1748896 -0.2327161 0.1237997 0.151467 0.09470109 -0.151127
0.1770706 -0.2127783 0.1091606 0.1588591 0.0974359 -0.1410857
0.1772323 -0.1999187 0.1370087 0.1246075 0.1124008 -0.1447875
0.1903943 -0.1559371 0.1272416 0.1066399 0.09527539 -0.1588079
0.1903943 -0.1559371 0.1272416 0.1066399 0.09527539 -0.1588079
0.1903943 -0.1559371 0.1272416 0.1066399 0.09527539 -0.1588079
0.1903943 -0.1559371 0.1272416 0.1066399 0.09527539 -0.1588079
0.1903943 -0.1559371 0.1272416 0.1066399 0.09527539 -0.1588079
0.2038605 -0.185731 0.1462152 0.1032649 0.07063323 -0.159266
0.201185 -0.1465747 0.1381813 0.1571698 0.08212797 -0.1697013
0.1552985 -0.1842284 0.1282411 0.1013062 0.07298268 -0.1637883
0.1552985 -0.1842284 0.1282411 0.1013062 0.07298268 -0.1637883
0.1476786 -0.1018053 0.09373295 0.1389164 0.1044154 -0.1547758
0.1680632 -0.1402597 0.1139486 0.07407313 0.09771721 -0.1398079
0.1977541 -0.1418068 0.1276335 0.07799414 0.1092562 -0.1375118
0.2051968 -0.1443152 0.1201087 0.09217559 0.1020428 -0.1379612
0.2051968 -0.1443152 0.1201087 0.09217559 0.1020428 -0.1379612
0.1959408 -0.1410626 0.1215035 0.1046132 0.1004668 -0.1327161
0.1997927 -0.1582748 0.1097773 0.1137841 0.07477085 -0.1543475
0.2061164 -0.1494861 0.1352796 0.1407986 0.08889859 -0.1487205
0.2204971 -0.1627641 0.1390906 0.1294026 0.07533072 -0.1420785
0.162363 -0.2246403 0.1336571 0.07259062 0.1086704 -0.1242732
0.150064 -0.2217724 0.1078853 0.06316771 0.06149929 -0.144228
0.1664385 -0.2208382 0.1156242 0.06817377 0.04003484 -0.1444241
0.1