0.1547565 -0.2569286 0.1840041 -0.1281343 -0.2517879 0.5763186
0.09893415 -0.2591234 0.1258878 -0.0406253 -0.2311878 0.54439
0.1797076 -0.2595145 0.2094201 -0.002369522 -0.2450984 0.5751589
0.1247257 -0.3243074 0.1339833 -0.02279768 -0.2281969 0.5465108
0.1830284 -0.2029794 0.1947477 -0.1167576 -0.2537002 0.5709203
0.1236374 -0.2912564 0.1465841 -0.086138 -0.2305395 0.5619365
0.1236374 -0.2912564 0.1465841 -0.086138 -0.2305395 0.5619365
0.1236374 -0.2912564 0.1465841 -0.086138 -0.2305395 0.5619365
0.1728668 -0.2356299 0.1874673 -0.0148885 -0.2527876 0.5612026
0.1204857 -0.3135548 0.1637618 -0.01330508 -0.2514322 0.5287408
0.194758 -0.2770055 0.1958646 -0.0249427 -0.2475011 0.5785109
0.1397995 -0.3280098 0.1558989 0.02043488 -0.2482692 0.5419798
0.180667 -0.2877329 0.1488471 0.05133909 -0.2156429 0.5660495
0.1320074 -0.320869 0.1474181 0.04494425 -0.2389808 0.5495393
0.1938527 -0.2324046 0.1275009 0.03768613 -0.2249242 0.5539155
0.1461881 -0.2906825 0.09085479 0.1316782 -0.2263879 0.5558269
0.2073921 -0.215449 0.1726761 0.06920682 -0.2255905 0.5802667
0.03596785 0.007007216 0.04770532 0.03524759 -0.3618388 0.3790298
0.07880861 0.9700375 -0.4581985 0.4502237 -0.8794942 0.09018374
-0.1504807 0.9230999 -0.6174369 0.2309737 -0.9507818 0.1270173
-0.0007841531 0.9667634 -0.5025847 0.3483791 -0.8271325 0.3247054
-0.2037604 0.9251502 -0.7085467 0.07484213 -0.7745597 0.3800778
-0.07572789 1 -0.6319039 0.2844258 -1 0.3204032
0.1283426 0.003202245 0.2043101 0.01930234 0.3088367 -0.5420797
0.1920834 -0.1052338 0.2523542 -0.01902319 0.2039567 -0.4620953
0.2143777 -0.1340076 0.2474979 -0.0434741 0.1227974 -0.4462561
0.205865 -0.1628683 0.2112676 -0.04029371 0.1736207 -0.4318603
0.205865 -0.1628683 0.2112676 -0.04029371 0.1736207 -0.4318603
0.2342076 -0.200369 0.2338066 0.168351 0.2700706 -0.4550531
0.2345481 -0.2127833 0.2691552 0.1869069 0.2689318 -0.4596992
0.2345481 -0.2127833 0.2691552 0.1869069 0.2689318 -0.4596992
0.2345481 -0.2127833 0.2691552 0.1869069 0.2689318 -0.4596992
0.2345481 -0.2127833 0.2691552 0.1869069 0.2689318 -0.4596992
0.2345481 -0.2127833 0.2691552 0.1869069 0.2689318 -0.4596992
0.2345481 -0.2127833 0.2691552 0.1869069 0.2689318 -0.4596992
0.2345481 -0.2127833 0.2691552 0.1869069 0.2689318 -0.4596992
0.2410881 -0.2475758 0.2930188 0.2046313 0.2531343 -0.4353229
0.2410881 -0.2475758 0.2930188 0.2046313 0.2531343 -0.4353229
0.2410881 -0.2475758 0.2930188 0.2046313 0.2531343 -0.4353229
0.2410881 -0.2475758 0.2930188 0.2046313 0.2531343 -0.4353229
0.2410016 -0.2159714 0.3021911 0.197337 0.2201687 -0.441711
0.2410016 -0.2159714 0.3021911 0.197337 0.2201687 -0.441711
0.2410016 -0.2159714 0.3021911 0.197337 0.2201687 -0.441711
0.2410016 -0.2159714 0.3021911 0.197337 0.2201687 -0.441711
0.1167014 0.8362389 -0.2435342 0.3229003 -0.7074121 -0.03995102
-0.1532834 0.9436836 -0.5694447 0.1932936 -0.715892 0.2251808
-0.0335206 0.9889973 -0.5257612 0.2420382 -0.7431457 0.2849465
0.2363171 -0.208678 0.0003938191 0.2612625 0.1016517 -0.4334669
0.2966674 -0.2878918 0.283782 0.05316054 0.3650939 -0.3417964
0.2134999 -0.3660876 0.2305742 0.02352444 0.3742467 -0.3964273
0.2118462 -0.3766738 0.2163918 0.06705629 0.3253356 -0.3701819
0.2174993 -0.3563979 0.219526 0.07509339 0.3563979 -0.3789065
0.2174993 -0.3563979 0.219526 0.07509339 0.3563979 -0.3789065
0.2174993 -0.3563979 0.219526 0.07509339 0.3563979 -0.3789065
0.2174993 -0.3563979 0.219526 0.07509339 0.3563979 -0.3789065
0.2174993 -0.3563979 0.219526 0.07509339 0.3563979 -0.3789065
0.2174993 -0.3563979 0.219526 0.07509339 0.3563979 -0.3789065
0.1988337 -0.3185275 0.2046128 0.1080156 0.2680395 -0.3577541
0.2456275 -0.4281063 0.2157861 0.09331223 0.3153454 -0.3422409
0.2456275 -0.4281063 0.2157861 0.09331223 0.3153454 -0.3422409
0.2456275 -0.4281063 0.2157861 0.09331223 0.3153454 -0.3422409
0.1733235 1 -0.5182864 0.569763 -1 0.1482899
-0.2901475 0.9257289 -0.4313399 -0.4572508 -0.6934118 0.4754407
-0.2761743 0.9304478 -0.3773686 -0.4891884 -0.7403578 0.4582473
-0.2584558 0.9817968 -0.4558678 -0.516812 -0.7039726 0.4417052
-0.2296219 1 -0.4648232 -0.5266517 -0.6920899 0.4577058
-0.1802226 1 -0.4167249 -0.4377376 -0.7178047 0.4817618
-0.1815351 1 -0.4309069 -0.4720737 -0.6502163 0.4810795
-0.03817639 1 -0.3270062 -0.5579798 -0.6854776 0.5022692
-0.018205 1 -0.2889959 -0.5446391 -0.644382 0.5146511
-0.007921781 1 -0.2840882 -0.4020665 -0.6026824 0.5040149
-0.1860178 0.5497729 -0.1663032 -0.6672453 -0.5985519 0.4816979
-0.1764329 0.5634102 -0.1493552 -0.7420214 -0.5593938 0.4896231
-0.159563 0.5491088 -0.1536984 -0.7990974 -0.5755178 0.5272738
-0.1815018 0.4997094 -0.1140627 -0.8118768 -0.5128273 0.4968338
-0.1723092 0.5523512 -0.1360114 -0.7001346 -0.4864456 0.4365947
-0.1532182 0.5339597 -0.1727429 -0.7502273 -0.4493324 0.5316256
-0.1643166 0.5684066 -0.1625806 -0.759317 -0.4603413 0.4743116
-0.1350573 0.5017024 -0.1874825 -0.7142963 -0.4744807 0.49761
-0.1079544 0.4736866 -0.1325239 -0.6222015 -0.4404973 0.4840591
-0.06069341 0.4926322 -0.1267878 -0.6571289 -0.4390257 0.4931751
-0.03034116 0.4968556 -0.1128224 -0.6110975 -0.3831911 0.49951
-0.09606059 0.384792 -0.1459832 -0.4662895 -0.3652951 0.455348
-0.08168678 0.3781394 -0.1433596 -0.4564897 -0.3253718 0.4906107
-0.06546113 0.3969233 -0.1701404 -0.4324045 -0.3407279 0.5035796
-0.02536943 0.448617 -0.1525041 -0.2533792 -0.3251516 0.5295153
-0.07522485 0.3336272 -0.1969885 -0.2146296 -0.3264453 0.5206837
-0.06185553 0.3469033 -0.1826001 -0.1826941 -0.3565425 0.5171481
0.1389428 0.1101011 -0.08845466 0.1923845 -0.2310083 0.4520205
0.08424544 0.0008749135 -0.09456868 0.2756296 -0.1876755 0.4970175
0.1064321 0.01210491 -0.07257099 0.2293645 -0.2195885 0.4622771
0.1436258 0.02174122 -0.09418219 0.2336988 -0.23966 0.4439788
0.1526761 0.01916285 -0.05182811 0.1835515 -0.254698 0.4486046
0.07206108 -0.01306333 -0.1208617 0.173233 -0.1733032 0.5175173
0.08280069 0.008488099 -0.05803081 0.1488698 -0.2373822 0.4599505
0.1090992 0.002497326 -0.1036985 0.2163893 -0.2761812 0.4567791
0.1154681 0.005633069 -0.07499322 0.1284152 -0.2834471 0.4678591
0.1118842 0.01230355 -0.09179392 0.1121813 -0.2942618 0.4470342
0.1189626 0.03700657 -0.07565285 0.1433321 -0.2156108 0.5189925
0.06958377 0.01541226 -0.1098376 0.2476983 -0.1721241 0.5212858
0.09505587 0.0925863 -0.08769076 0.2031676 -0.2309702 0.4128232
0.1128343 0.01000329 -0.04650321 0.1757434 -0.2763412 0.4263689
0.1251059 0.0499724 -0.02116325 0.1871375 -0.2211212 0.4811613
0.06031062 0.001614883 -0.04700485 0.1185304 -0.2954681 0.4080241
0.07744108 0.02915543 -0.08373475 0.1337948 -0.2571704 0.4021332
0.09520544 0.01584276 -0.06073258 0.1102956 -0.2853939 0.4390177
0.1001583 0.02896057 -0.06586067 0.1491276 -0.281565 0.4382409
0.1162504 0.04838056 -0.08372542 0.2635418 -0.2626261 0.430994
0.1435847 0.02175577 -0.04911117 0.2354071 -0.2708903 0.4398038
0.07598325 -0.02411546 -0.09797677 0.2501092 -0.2296916 0.4211966
0.1517255 0.02449599 -0.01710624 0.1885171 -0.2756063 0.4310448
0.07172964 -0.0002872749 -0.0650022 0.251604 -0.2473362 0.4073849
0.08826001 0.068253 -0.09519935 0.286882 -0.2895155 0.3979357
0.1029566 0.07060707 -0.09182823 0.3141059 -0.3144435 0.3930271
0.08917437 0.1257635 -0.108024 0.3504029 -0.3011533 0.3801066
0.1254974 0.1021286 -0.1016371 0.3099882 -0.2676864 0.3798533
0.1626252 0.09224779 -0.06938384 0.314997 -0.2612536 0.3695868
0.0868942 0.02438794 -0.113948 0.3706394 -0.2570998 0.3839345
0.08439264 0.01063183 -0.1663261 0.381312 -0.1820001 0.4652474
0.1333557 0.0122114 -0.1542818 0.3996564 -0.1858658 0.5040222
0.148503 0.03088665 -0.1163765 0.4416825 -0.1914141 0.4831901
0.1528937 0.0483615 -0.1334538 0.4256727 -0.1517359 0.4909687
0.1631549 0.05244434 -0.0916472 0.3816046 -0.1526179 0.511286
0.1387042 0.06044915 -0.04602027 0.3795538 -0.1651447 0.5133306
0.1635873 0.03213645 -0.05221638 0.2716059 -0.1746364 0.5342219
0.08264781 -0.05709431 -0.08000085 0.3048441 -0.1815799 0.4955138
0.08838347 -0.06700403 -0.06840822 0.2974989 -0.2013513 0.4876162
0.1012793 -0.01832918 -0.06814475 0.2639289 -0.188904 0.5071121
0.1205035 -0.02165024 -0.06304267 0.3370227 -0.1709566 0.5143242
0.1183753 0.01583713 -0.07443287 0.3179292 -0.1305179 0.5144444
0.1264963 0.05447634 -0.09353835 0.2601143 -0.1272991 0.5011525
0.08896401 -0.01376259 -0.09421782 0.2914166 -0.155617 0.5144171
0.08722133 0.00665151 -0.06527302 0.3055553 -0.1475456 0.5165825
0.1037496 -0.01889183 -0.05478724 0.2994424 -0.1506032 0.5400654
0.1082749 -0.01055061 -0.05504196 0.283825 -0.1408428 0.5277998
0.135857 0.006637956 -0.08212889 0.2845796 -0.1761596 0.5057053
0.1422154 0.00919139 -0.04747349 0.2785741 -0.1551508 0.5247479
0.1572883 -0.009328959 -0.004285578 0.2491857 -0.1897881 0.5118519
0.08690405 -0.05824491 -0.0502697 0.2772037 -0.1514269 0.5146516
0.09033366 -0.05586125 -0.03847113 0.279539 -0.1535266 0.5260867
0.1044412 -0.04582606 -0.06212453 0.2992229 -0.1547385 0.5160542
0.09627669 -0.02567413 -0.03540688 0.2419798 -0.1817479 0.4881007
0.1155598 -0.02281934 -0.03351811 0.2697653 -0.1643896 0.489761
0.1256992 -0.0136877 -0.04105921 0.302775 -0.1540094 0.4756591
0.1558952 -0.02449044 0.01349604 0.2790372 -0.1761918 0.4826812
0.08461118 -0.07003922 -0.05813657 0.3182814 -0.1480209 0.4653491
0.09834573 -0.07270095 -0.01508049 0.2554716 -0.1746094 0.4753048
0.1169036 -0.0668791 -0.03396728 0.2460216 -0.1452653 0.4392138
0.1616872 -0.08545812 0.02183618 0.2321262 -0.1580502 0.4776515
0.0896256 -0.1353427 -0.07274549 0.2445448 -0.1348534 0.4749238
0.1087517 -0.1500848 -0.0531919 0.2955633 -0.1410571 0.4887265
0.1173303 -0.122413 -0.03574312 0.2946467 -0.1612118 0.4726825
0.1379656 -0.1242095 0.003628403 0.249961 -0.1571756 0.4735633
0.1598856 -0.1171346 0.02346291 0.2885068 -0.1713689 0.4569563
0.1676318 -0.1227873 0.05118712 0.2351472 -0.1692213 0.4622774
0.1663782 -0.1179447 0.04720406 0.242255 -0.1747797 0.4664448
0.1098258 -0.1757808 0.01497097 0.2195683 -0.1594993 0.4698737
0.1353808 -0.1952073 0.03349462 0.2383403 -0.1575884 0.5212957
0.1581747 -0.2484136 0.1289173 0.2633017 -0.1454881 0.446266
0.1687234 -0.243816 0.1405515 0.1872207 -0.1065703 0.456476
0.2000061 -0.2558444 0.1429626 0.2187923 -0.1246573 0.4776762
0.1301135 -0.2538647 0.08032414 0.1758322 -0.09898531 0.4515411
0.13558 -0.266075 0.08480521 0.1881184 -0.09919019 0.4747545
0.1645851 -0.2868897 0.1300495 0.1736185 -0.100848 0.4856429
0.1645851 -0.2868897 0.1300495 0.1736185 -0.100848 0.4856429
0.1788674 -0.2871392 0.1277868 0.1539183 -0.1157099 0.4896393
0.1808058 -0.3079473 0.1474785 0.1666638 -0.1265862 0.4913337
0.1468844 -0.3156867 0.1511232 0.1865297 -0.1439365 0.4673775
0.1397112 -0.2807048 0.1392903 0.1820837 -0.1300696 0.4802283
0.1397112 -0.2807048 0.1392903 0.1820837 -0.1300696 0.4802283
0.1570339 -0.2726922 0.135707 0.1889014 -0.1039423 0.4827213
0.2074929 -0.2473886 0.1704826 0.2250407 -0.1324443 0.4619058
0.1748363 -0.3479899 0.1411161 0.17491 -0.1024921 0.4815424
0.1734485 -0.3163127 0.09941676 0.1844103 -0.06934009 0.4979681
0.1804492 -0.3112571 0.1167496 0.1366904 -0.08433219 0.4804479
0.1804492 -0.3112571 0.1167496 0.1366904 -0.08433219 0.4804479
0.2061279 -0.2801467 0.1680949 0.08162794 -0.1271716 0.4885771
0.132764 -0.3207498 0.1391433 0.0808531 -0.1172736 0.4884893
0.155077 -0.3155956 0.1728027 0.08825535 -0.1207154 0.5186565
0.1833029 -0.3377784 0.1546987 0.1485861 -0.1236879 0.5175743
0.2025924 -0.3150719 0.1914164 0.113239 -0.1346484 0.4749444
0.152077 -0.3431639 0.1148957 0.1649898 -0.1048269 0.5406902
0.1451571 -0.3289741 0.1496439 0.1278358 -0.09487694 0.5351883
0.1680008 -0.3087075 0.1586297 0.133002 -0.1146688 0.5130216
0.1612268 -0.2033185 0.1433685 0.1883132 -0.1209939 0.5134082
0.1042466 -0.2279483 0.0581956 0.1636158 -0.05391985 0.5349699
0.1243294 -0.201162 0.06182569 0.149065 -0.08532614 0.5432945
0.1201435 -0.190595 0.07725527 0.1385328 -0.119977 0.4883133
0.1404482 -0.1999931 0.06330156 0.08924647 -0.1102642 0.5036238
0.153757 -0.193457 0.08578443 0.1901916 -0.1215433 0.4649166
0.1251535 -0.2412616 0.02808081 0.1766113 -0.07369951 0.4869047
0.1508211 -0.2837805 0.1190661 0.2477592 -0.1487208 0.495151
0.1650698 -0.2847443 0.1177859 0.2056118 -0.1389529 0.4848576
0.1873969 -0.2855423 0.102354 0.2610819 -0.1178314 0.5004008
0.1945199 -0.2976034 0.1574735 0.225771 -0.1212205 0.5583856
0.1743461 -0.3402307 0.1485308 0.1969134 -0.07750965 0.5169057
0.1581669 -0.3084449 0.135704 0.1619826 -0.1096513 0.4391224
0.1754165 -0.2940443 0.1266948 0.1655451 -0.07243715 0.5216159
0.1967461 -0.2757607 0.1560638 0.1582635 -0.05595095 0.5764097
0.2094034 -0.2747225 0.1381489 0.1824402 -0.09926013 0.5646368
0.1393213 -0.3251746 0.1079291 0.1821691 -0.1040859 0.5586263
0.1706052 -0.3350534 0.1030992 0.2250989 -0.09826254 0.551226
0.1924953 -0.338054 0.1070073 0.2209018 -0.1012443 0.5413812
0.1891967 -0.3310618 0.1303417 0.1968552 -0.127178 0.5281591
0.1841704 -0.3052282 0.1191367 0.1529286 -0.1220233 0.5829
0.1493512 -0.343366 0.1136547 0.1354854 -0.1121136 0.5369933
0.147513 -0.3280786 0.141474 0.1003178 -0.11783 0.5549812
0.1728658 -0.3494571 0.1316666 0.1773963 -0.1243115 0.5536594
0.1944248 -0.3176966 0.1216256 0.09127115 -0.09243519 0.5263504
0.2012803 -0.3321196 0.1494795 0.1454639 -0.1210264 0.5499151
0.183947 -0.2923314 0.143305 0.1662899 -0.1162533 0.519397
0.1546549 -0.3205056 0.1189615 0.2303279 -0.08562233 0.5276911
0.144852 -0.2983068 0.09101178 0.1771099 -0.05346253 0.5485064
0.1693267 -0.2888599 0.1207305 0.1297494 -0.09361804 0.5622591
0.1704812 -0.2865896 0.1113893 0.1440981 -0.08906935 0.5783021
0.1956869 -0.299509 0.1465316 0.1303646 -0.07925129 0.6051697
0.153491 -0.4096549 0.1190691 0.1534496 -0.103254 0.5744662
0.145179 -0.3454781 0.1462544 0.1333666 -0.09487427 0.5612024
0.1625052 -0.3165351 0.1164141 0.1387121 -0.1207448 0.5659643
0.1615521 -0.2804597 0.09496977 0.1192031 -0.1023025 0.5676035
0.1697666 -0.2797971 0.1376126 0.09448755 -0.1419493 0.5486181
0.1488388 -0.322625 0.1438599 0.06936194 -0.09871051 0.5370373
0.1589787 -0.3344718 0.1520533 0.1126424 -0.1123238 0.5075826
0.1986235 -0.3529084 0.1732354 0.1666122 -0.1234014 0.5322323
0.1484355 -0.357012 0.1532789 0.1189824 -0.08182149 0.5562927
0.154342 -0.3522888 0.1244332 0.1713726 -0.1037445 0.5504149
0.1751021 -0.3173693 0.1166061 0.193259 -0.1024179 0.5520988
0.1777248 -0.3172692 0.1378188 0.1419739 -0.1328961 0.5546858
0.1800855 -0.2923265 0.1355947 0.1436276 -0.1134242 0.5710058
0.1364306 -0.3252195 0.1235489 0.158871 -0.1117009 0.5282383
0.1394992 -0.3250353 0.1544183 0.165675 -0.1108727 0.5391455
0.1394992 -0.3250353 0.1544183 0.165675 -0.1108727 0.5391455
0.1449986 -0.2591711 0.1198274 0.1104144 -0.1145564 0.4994609
0.1527503 -0.2336332 0.1255313 0.1040697 -0.1020408 0.5113102
0.1346026 -0.3077378 0.128435 0.07465861 -0.1237067 0.5202529
0.1420709 -0.3116257 0.1345108 0.06775754 -0.1145044 0.5505746
0.1486617 -0.2720535 0.1304912 0.08933449 -0.1104106 0.5261681
0.168372 -0.2829358 0.1378106 0.08455996 -0.1254716 0.5246766
0.1708957 -0.27494 0.1586333 0.1164953 -0.1352633 0.534428
0.153966 -0.3003778 0.165136 0.1131955 -0.08580734 0.5078726
0.1672294 -0.3207648 0.1739449 0.1409132 -0.07599661 0.5253584
0.1853352 -0.3275045 0.1877816 0.1549659 -0.1071901 0.5268885
0.194754 -0.3103686 0.1771644 0.1328821 -0.1094233 0.4919118
0.1957761 -0.2962737 0.1758781 0.158925 -0.09978474 0.5187372
0.2159701 -0.3059761 0.2063509 0.1220282 -0.1222213 0.5024645
0.1650839 -0.3763386 0.1817691 0.0960307 -0.1045088 0.4905201
0.1670143 -0.3865398 0.1730697 0.109509 -0.105483 0.5165783
0.1830955 -0.3809194 0.1811026 0.145096 -0.1095694 0.524922
0.1943651 -0.326926 0.2059457 0.08988269 -0.0994378 0.5221003
0.1832903 -0.3259456 0.2006063 0.07277496 -0.09393637 0.5265334
0.1768188 -0.3687882 0.1806692 0.1135 -0.07796005 0.5190711
0.171301 -0.3562406 0.1567888 0.1186836 -0.03807786 0.4900893
0.1825797 -0.3264863 0.185416 0.1122571 -0.08903436 0.5201163
0.1732722 -0.3995179 0.1814522 0.1724018 -0.08883974 0.5145138
0.175696 -0.3827939 0.1879541 0.1499491 -0.07823932 0.5208685
0.18627 -0.368997 0.191309 0.1049403 -0.07290301 0.5381761
0.2010877 -0.3694043 0.208428 0.1149735 -0.08732717 0.5448475
0.1535283 -0.3986537 0.1391153 0.1643908 -0.0742217 0.5344616
0.1773952 -0.3562596 0.119361 0.1927669 -0.07759252 0.5502886
0.1909339 -0.3776021 0.194652 0.1646888 -0.04752127 0.5589091
0.2096086 -0.3629127 0.1946114 0.1865392 -0.0784871 0.5384555
0.1457206 -0.3576165 0.1579862 0.1917986 -0.05262483 0.5409934
0.1440424 -0.3383329 0.1658399 0.1625626 -0.04849723 0.5232595
0.1712979 -0.3480264 0.1751738 0.1283584 -0.08030413 0.5114216
0.1846324 -0.3297434 0.1900877 0.1069574 -0.07457194 0.5164321
0.1880147 -0.3348713 0.2167495 0.06695749 -0.06699011 0.5203335
0.1515407 -0.4182411 0.1872863 0.1426102 -0.05350754 0.4961949
0.1592149 -0.3623601 0.1564033 0.1472764 -0.1036599 0.4767025
0.1684147 -0.3514378 0.1691625 0.1427914 -0.08415025 0.4472097
0.1843791 -0.3728842 0.1954936 0.1247641 -0.1098583 0.4465362
0.2496902 -0.3861069 0.2026183 0.1504313 -0.08867819 0.4949013
0.1658864 -0.413401 0.2173844 0.1219366 -0.08344007 0.4266925
0.1749801 -0.3894745 0.1850676 0.1378703 -0.0516506 0.4902377
0.2018306 -0.3892363 0.1953339 0.1491606 -0.06102343 0.5043865
0.2126234 -0.3872401 0.1909469 0.1643701 -0.07303818 0.4924546
0.2188239 -0.3887081 0.2248148 0.1807228 -0.05967567 0.5095809
0.1983517 -0.4305568 0.1804102 0.1802025 -0.04382135 0.4962395
0.1994762 -0.4299058 0.2166549 0.1336742 -0.05637478 0.5028493
0.206061 -0.3926619 0.1903415 0.1475469 -0.06715458 0.4903504
0.1833224 -0.4371376 0.1958467 0.1841795 -0.04659057 0.4916903
0.1900187 -0.4312317 0.1945256 0.1290086 -0.05271639 0.4934455
0.2050126 -0.4027888 0.2077833 0.1658261 -0.07262044 0.502038
0.2209978 -0.409927 0.2140552 0.159931 -0.07326449 0.5120292
0.1936702 -0.4612294 0.2132477 0.2283603 -0.07109385 0.493662
0.1941577 -0.4473756 0.2117713 0.1400106 -0.04080116 0.485664
0.2100933 -0.4425456 0.2366876 0.1990148 -0.05112749 0.4985974
0.209682 -0.4471606 0.2511069 0.1130707 -0.06781235 0.4795428
0.2268845 -0.4262427 0.2313809 0.1518968 -0.05363377 0.4984824
0.1877176 -0.4546999 0.2236346 0.1903049 -0.05303678 0.5122091
0.2011186 -0.4371513 0.2126014 0.1482585 -0.04854749 0.5181314
0.213601 -0.4550466 0.2411006 0.1411452 -0.04424358 0.534924
0.2317991 -0.4076751 0.2258797 0.1700592 -0.03852381 0.5253479
0.2345009 -0.3909785 0.2439336 0.1427502 -0.04040572 0.5202773
0.1798915 -0.4309628 0.1992572 0.2054915 -0.02498932 0.5156478
0.1844003 -0.4322901 0.2117212 0.1471181 -0.06307161 0.4908064
0.2206083 -0.4168879 0.1953465 0.1921342 -0.05619396 0.5384396
0.2284721 -0.3760607 0.2060902 0.1236136 -0.05671292 0.5145093
0.1788348 -0.4494936 0.2005352 0.1233382 -0.09245916 0.4774891
0.2286592 -0.4416464 0.2313142 0.1385467 -0.04885513 0.5137811
0.2234122 -0.4050595 0.2391623 0.1169485 -0.02273378 0.5180557
0.2181846 -0.3759854 0.237425 0.1285543 -0.03450224 0.4652497
0.1734458 -0.4275593 0.2304204 0.09968951 -0.03843416 0.4505453
0.1822978 -0.4665681 0.2321356 0.03986455 -0.02328855 0.4793706
0.1828634 -0.4159894 0.2032192 0.02952678 -0.02289811 0.4808426
0.2065015 -0.4133376 0.211249 0.04915276 -0.04331763 0.4802792
0.1538586 -0.4265538 0.1787171 0.09233858 -0.01380447 0.4674637
0.1753976 -0.4476178 0.1717436 0.05622991 -0.009521087 0.4952245
0.190862 -0.4468115 0.212172 0.07199147 -0.02285637 0.4796368
0.2152652 -0.4337766 0.2184275 0.1856188 -0.03416711 0.4592988
0.2352102 -0.4700528 0.2802905 0.1623344 0.03225327 0.421749
0.2571269 -0.4689469 0.2722386 0.1731485 0.03842678 0.4116906
0.1999705 -0.5146954 0.2464036 0.1688948 0.04990689 0.4158367
0.2036442 -0.5070575 0.2299932 0.1592011 0.06989266 0.4196391
0.2195629 -0.5063334 0.2479204 0.1629414 0.03660763 0.4342242
0.2260266 -0.5379828 0.2954293 0.13144 0.02666867 0.4659028
0.2067705 -0.5373765 0.2330094 0.2092222 0.0453218 0.4471784
0.2203046 -0.5499768 0.2620113 0.1931555 0.0447696 0.4658985
0.2433494 -0.5539544 0.2374042 0.1670796 0.04228786 0.4653623
0.1953492 -0.5936576 0.252945 0.2143943 0.07037067 0.4646186
0.2181362 -0.5909075 0.2599886 0.1890651 0.03837946 0.4558633
0.2267859 -0.5670468 0.2460886 0.1668022 0.05661167 0.4614746
0.2578458 -0.5109954 0.2715658 0.2200805 0.06445594 0.4534726
0.2082874 -0.5515389 0.2176512 0.2088967 0.06464061 0.4215552
0.2136693 -0.541935 0.2590336 0.1895157 0.03504548 0.4281239
0.2324675 -0.5431762 0.2315064 0.2100217 0.05341707 0.4774728
0.2333162 -0.5347822 0.2552192 0.1922083 0.04740486 0.4655939
0.246802 -0.5190271 0.2520979 0.1763479 0.05506999 0.4571694
0.2134343 -0.5622101 0.2217585 0.183524 0.0509616 0.4313762
0.2183256 -0.5329419 0.2159643 0.2033923 0.04245638 0.4622009
0.2470449 -0.4941418 0.2213863 0.1942289 0.0701503 0.4726257
0.194619 -0.510416 0.1920046 0.1804024 0.08010788 0.429184
0.2270338 -0.4764221 0.2179734 0.1787126 0.08041222 0.4660382
0.249837 -0.4601262 0.2434695 0.2198234 0.02486214 0.4451337
0.2480172 -0.4554006 0.2613119 0.2289165 0.02426103 0.4431351
0.2476487 -0.4409206 0.2660324 0.1727997 0.06535096 0.4709992
0.2166109 -0.5191241 0.219978 0.2552111 0.07885288 0.4601005
0.2227253 -0.5084368 0.2275802 0.2538714 0.02491151 0.4529713
0.2215383 -0.4686841 0.2322167 0.2284992 0.0556366 0.4753737
0.231671 -0.4523325 0.2326223 0.2115187 0.06232165 0.4722505
0.2587561 -0.4537478 0.2448431 0.1502642 0.02564307 0.478236
0.1896772 -0.4787505 0.1968881 0.1912845 0.03201042 0.4584607
0.2005094 -0.5263485 0.2320701 0.1776283 0.003535985 0.4656746
0.2100696 -0.4826037 0.2208553 0.219303 0.009502605 0.4629378
0.2236654 -0.4517826 0.2229732 0.2084653 -0.009231492 0.4723487
0.2514538 -0.429342 0.2448135 0.2296626 -0.004420123 0.5036106
0.1774393 -0.4761829 0.2184784 0.1568219 -0.01880292 0.4694596
0.1784149 -0.4346579 0.1983674 0.1789558 0.0004043458 0.4919963
0.2027854 -0.4319719 0.2275366 0.1180115 -0.01224594 0.4643179
0.2358715 -0.4400341 0.2368318 0.1295113 -0.01418545 0.4876134
0.2366822 -0.426172 0.2534074 0.1653933 -0.02608845 0.4794544
0.1936013 -0.5405025 0.2256837 0.1425272 -0.006346791 0.4892523
0.1900712 -0.4862283 0.2007222 0.1484705 -0.005314113 0.4779038
0.2143226 -0.4792212 0.2347817 0.1722969 0.002139071 0.5250397
0.2172072 -0.4169938 0.2297842 0.1814038 -0.01506915 0.4897837
0.2238795 -0.4121946 0.2250306 0.2170418 0.001894974 0.4796903
0.2319803 -0.4073706 0.2296947 0.160985 -0.02013383 0.4857163
0.1939299 -0.4684079 0.2280856 0.1653729 0.00071614 0.4779276
0.1832003 -0.4245394 0.2143592 0.08889105 0.0007693134 0.4989739
0.2110171 -0.4270698 0.2284118 0.1033286 -0.02481839 0.4910337
0.2311579 -0.4005443 0.2416548 0.1325408 -0.005074043 0.4960631
0.1841076 -0.4106654 0.1715681 0.1772792 -0.001695727 0.4793549
0.1952733 -0.3860261 0.2325048 0.1113759 -0.03401119 0.4932461
0.2138318 -0.3968679 0.2308233 0.1213453 -0.04072102 0.5027689
0.2153321 -0.3812753 0.2259841 0.09175126 -0.04461863 0.4879735
0.1832624 -0.4007861 0.1665244 0.202105 -0.01611383 0.4940794
0.1856008 -0.4219081 0.2030284 0.09567823 -0.06306494 0.4847385
0.2180328 -0.3934501 0.230153 0.08400425 -0.02261036 0.5114244
0.1487796 -0.4307682 0.1708014 0.1751007 -0.03295038 0.475488
0.1688837 -0.4085034 0.1658363 0.2473519 -0.009522509 0.480368
0.2219714 -0.3896272 0.2035424 0.1289173 -0.009341085 0.5069897
0.2178179 -0.3741749 0.2112301 0.08577449 -0.01688111 0.5109781
0.1737039 -0.4513885 0.1962007 0.1831091 -0.008488259 0.4844459
0.1680856 -0.4312097 0.1857264 0.1634995 0.01321218 0.5082886
0.1823271 -0.4291576 0.1939716 0.1526728 -0.0157894 0.4903806
0.2114679 -0.4137453 0.1903853 0.1882655 -0.01644963 0.510013
0.2105424 -0.3998377 0.18526 0.1513286 -0.004746153 0.5009974
0.1938882 -0.4523062 0.2015179 0.1779666 -0.01069582 0.484239
0.243437 -0.4545196 0.270866 0.1350093 -0.02006674 0.508245
0.197732 -0.5041071 0.2176726 0.1968514 0.02243287 0.5139732
0.2101996 -0.4589264 0.197887 0.227628 0.01320941 0.4936526
0.2172234 -0.4536209 0.2405205 0.2053007 -0.006873606 0.5149886
0.2299096 -0.4489961 0.2111272 0.1594418 0.009296142 0.5218076
0.1938217 -0.4833572 0.1904679 0.1961016 -0.001759344 0.5301222
0.213056 -0.4440604 0.2006136 0.2485417 0.02479043 0.5317961
0.2082291 -0.3749726 0.1909599 0.1816163 0.01864428 0.4717574
0.2311002 -0.4016505 0.2110226 0.2083234 -0.001568913 0.4951202
0.254568 -0.3979633 0.2277389 0.1480493 0.007832719 0.4987363
0.2037342 -0.4858935 0.197921 0.209165 0.007425415 0.4743972
0.2024324 -0.4445453 0.2068992 0.1744241 0.003249351 0.4686224
0.208638 -0.4372072 0.1930218 0.09422557 0.0120414 0.4575478
0.2193803 -0.4206595 0.1890159 0.1389787 0.02403956 0.4836325
0.2408637 -0.4079004 0.19469 0.1297944 0.04348708 0.4977255
0.1756246 -0.4515442 0.1767325 0.1579333 0.01755008 0.5073075
0.1849712 -0.4145609 0.1735549 0.1651359 0.02442753 0.4882835
0.2072813 -0.3951519 0.1766866 0.1866325 0.02007286 0.4866296
0.2192805 -0.3715333 0.1810882 0.1951357 0.01365991 0.4725279
0.2124981 -0.3687478 0.1888058 0.1605958 -0.01793373 0.4597033
0.1988844 -0.4359843 0.2021572 0.2266723 -0.01592799 0.4841357
0.1840016 -0.4343927 0.1994027 0.1882953 -0.01244906 0.4833583
0.1840016 -0.4343927 0.1994027 0.1882953 -0.01244906 0.4833583
0.1947311 -0.4168577 0.2032549 0.192317 0.001895214 0.5041361
0.2094799 -0.4137303 0.2320935 0.1381039 -0.03483791 0.4952069
0.2169626 -0.4159584 0.250885 0.1352872 -0.03540761 0.5025572
0.1568644 -0.4270709 0.181594 0.08865892 -0.03179258 0.4828524
0.1609008 -0.3994572 0.201714 0.1144842 -0.03644072 0.4721355
0.1790392 -0.3484737 0.1781787 0.1653094 -0.01251929 0.4765152
0.1973569 -0.3804539 0.2247942 0.1348155 -0.0451275 0.5046259
0.2023235 -0.3451612 0.2183527 0.1420234 -0.02319949 0.499212
0.190433 -0.4470072 0.2041614 0.1591749 -0.02784894 0.4614719
0.1985728 -0.4197415 0.2251428 0.08921566 -0.02846479 0.4510339
0.2219556 -0.4270987 0.2563784 0.1188442 -0.01260223 0.457427
0.1832385 -0.4518401 0.2430876 0.1471543 -0.01816158 0.4672715
0.1833131 -0.4209197 0.2335736 0.1498227 -0.0002758601 0.4670115
0.2065178 -0.4209163 0.1978725 0.1796962 -0.02978339 0.4667329
0.2058316 -0.370124 0.2475173 0.1116498 -0.04317259 0.4510853
0.2063832 -0.3699318 0.2376662 0.05311603 -0.03371681 0.4921123
0.1761196 -0.4550219 0.1857532 0.1028444 -0.04832042 0.4799381
0.17407 -0.441184 0.1985879 0.1432547 -0.04318378 0.4804262
0.2135673 -0.4117653 0.2383788 0.1442182 -0.02585825 0.471743
0.2214697 -0.3523262 0.23164 0.2435132 -0.008023417 0.52042
0.2292889 -0.3733127 0.2297527 0.182522 -0.03836379 0.4914422
0.1681312 -0.4059186 0.1862559 0.1153173 -0.02072839 0.4548157
0.1704368 -0.4133412 0.1855531 0.1434213 -0.05823215 0.4692829
0.2097536 -0.3747234 0.2282186 0.1385559 -0.02767187 0.4766578
0.1618294 -0.3759208 0.2000743 0.07020956 -0.05831467 0.4333433
0.1530704 -0.3347391 0.1816561 0.08973382 0.01070162 0.4603227
0.1700257 -0.3609247 0.1453095 0.04817043 0.00229358 0.427113
0.1942704 -0.3587986 0.1923058 0.05702646 0.02565455 0.3934724
0.2181157 -0.3566794 0.2473322 0.106755 0.007719775 0.3949594
0.1652799 -0.4331732 0.1862246 0.08322857 0.006936505 0.3962736
0.1754233 -0.4159285 0.2304215 0.04316349 -0.006902606 0.4124615
0.1864043 -0.4172257 0.2543404 0.05799601 0.005364389 0.4134363
0.2239964 -0.3528281 0.2138824 0.0580699 0.01319709 0.4037973
0.1758588 -0.4155634 0.2581539 0.09029498 0.00257474 0.3988748
0.1727084 -0.4069857 0.2391834 0.07761624 0.02271955 0.4220732
0.1727084 -0.4069857 0.2391834 0.07761624 0.02271955 0.4220732
0.1917401 -0.4495653 0.2741897 0.07191333 0.004727765 0.4481038
0.2143703 -0.404077 0.2816453 0.1304655 0.01737517 0.4644134
0.2163054 -0.4107167 0.2857208 0.1711958 -0.004684312 0.4640807
0.2383728 -0.3979393 0.2679393 0.160174 0.0008250166 0.4617195
0.1818334 -0.4662853 0.2627378 0.1239733 0.01209849 0.474135
0.2273792 -0.4376653 0.3043635 0.1307766 -0.01233117 0.4579319
0.2287635 -0.3975283 0.2856261 0.1393626 -0.003527817 0.4570327
0.200546 -0.4522044 0.2831794 0.2017393 0.005062962 0.4719091
0.1928406 -0.4477818 0.2602777 0.1622676 0.02246441 0.4739429
0.1996788 -0.4556162 0.2657371 0.08744018 0.009726502 0.4854716
0.2071154 -0.4263047 0.2436109 0.1149878 0.04153552 0.4800418
0.2306812 -0.4570038 0.2540304 0.09667215 0.01156654 0.4762982
0.2027312 -0.4917054 0.2792216 0.09916061 0.01938941 0.4684027
0.2398974 -0.4656704 0.3082075 0.08956279 -0.002885519 0.4865764
0.2383643 -0.44272 0.2831775 0.09454378 -0.01426447 0.4824091
0.1884556 -0.494638 0.2690745 0.1624853 -0.001851087 0.4732017
0.1901399 -0.4764431 0.2683011 0.1437565 0.0006626855 0.4632035
0.2083699 -0.5086746 0.3093452 0.1015706 0.00516286 0.4670776
0.2310288 -0.4782994 0.2953039 0.0944121 -0.02766035 0.4527543
0.250208 -0.4413898 0.2779835 0.1455726 -0.01632659 0.4757054
0.1857367 -0.4872387 0.2671176 0.1229338 0.01676726 0.4740671
0.1974229 -0.4656132 0.2643926 0.1458466 0.02010151 0.4890114
0.2104008 -0.4638532 0.2851311 0.09611374 0.0005905626 0.4910327
0.2205126 -0.4494857 0.2716105 0.09591562 0.02101941 0.4946838
0.1736825 -0.4763604 0.2628028 0.1125573 0.06371648 0.4784938
0.1820094 -0.4803069 0.2430867 0.04434045 0.06535684 0.4738493
0.1935629 -0.4759052 0.294102 0.09032781 0.08162067 0.4636091
0.2026855 -0.4558327 0.2715966 0.08687271 0.07349566 0.4525339
0.208096 -0.4388263 0.3019879 0.03884455 0.04069134 0.455808
0.1890775 -0.4807702 0.2982533 0.06907667 0.0523291 0.4504944
0.1991444 -0.4795901 0.2621141 0.1197535 0.057682 0.4601034
0.2079868 -0.4481163 0.2721542 0.08745895 0.08508842 0.4678995
0.2180896 -0.436141 0.276166 0.1088645 0.05819266 0.4571149
0.2343095 -0.4317531 0.2724846 0.1399654 0.07135832 0.4527679
0.2387646 -0.4391491 0.2726123 0.08993444 0.06088241 0.4461809
0.1821653 -0.5022116 0.2943886 0.05236885 0.07054093 0.4547965
0.197352 -0.4865524 0.287141 0.05539938 0.06720172 0.4431943
0.2125847 -0.4883201 0.291384 0.1178059 0.07326407 0.4583564
0.269408 -0.4059516 0.3039781 0.07930759 0.08834211 0.4239417
0.2041332 -0.4850805 0.3112637 0.07266688 0.09405611 0.446335
0.2093177 -0.4736331 0.2727518 0.08689322 0.07728656 0.4322534
0.2114965 -0.4780403 0.3044326 0.07589793 0.06132379 0.4450057
0.2197617 -0.4939867 0.2797458 0.08380442 0.0643815 0.4470899
0.2640127 -0.4583659 0.3196427 0.08649927 0.06045426 0.4481092
0.1792708 -0.5178681 0.2223264 0.09264687 0.05559096 0.4505157
0.1912182 -0.5068777 0.2925364 0.08661733 0.05211218 0.4835066
0.2056752 -0.4556586 0.2648922 0.09957004 0.02776801 0.4394062
0.2160802 -0.4315537 0.2896343 0.1284674 0.02778009 0.4409356
0.2572575 -0.4122997 0.3009101 0.1002608 0.03948765 0.4390222
0.1833357 -0.4726287 0.2448728 0.1132659 0.07119966 0.4626298
0.191364 -0.4468548 0.2361485 0.1242622 0.04442313 0.4574359
0.2116986 -0.4191445 0.265519 0.08375484 0.03726548 0.4404028
0.1727787 -0.4528834 0.2595098 0.06290311 0.03971826 0.4403968
0.1805421 -0.4482921 0.2778327 0.06096027 0.05781577 0.422132
0.2022976 -0.4388247 0.2720436 0.1349569 0.0564132 0.4505003
0.2151548 -0.4279322 0.2610331 0.157695 0.06982442 0.4438299
0.2151548 -0.4279322 0.2610331 0.157695 0.06982442 0.4438299
0.2211795 -0.4207096 0.2548966 0.156888 0.03059236 0.4495351
0.2327806 -0.4004632 0.2554095 0.1021708 0.02799856 0.4389225
0.191615 -0.4751101 0.2710888 0.1466179 0.04469432 0.4305812
0.1914948 -0.4594755 0.2808521 0.05891909 0.04192672 0.4454247
0.2022603 -0.4639161 0.2825934 0.09578476 0.07566512 0.474437
0.2136319 -0.4791279 0.3028205 0.0720385 0.08207808 0.4582587
0.2308045 -0.4514393 0.3113733 0.1130475 0.04789023 0.4496279
0.1873152 -0.4785555 0.2419204 0.1881605 0.07677118 0.4438522
0.2055196 -0.4854468 0.2440613 0.1333856 0.07036501 0.4639054
0.2103867 -0.45928 0.2616979 0.1304594 0.04657065 0.4326121
0.2073623 -0.4461232 0.2874423 0.08920807 0.06329445 0.4474223
0.2201032 -0.3921742 0.2907543 0.09917346 0.0504015 0.4510624
0.1813606 -0.4207548 0.2561455 0.1215127 0.0694153 0.4239086
0.1897751 -0.4483172 0.2437871 0.03836812 0.05462253 0.420157
0.1987236 -0.4257709 0.2378073 0.03090605 0.0564335 0.4240048
0.1989674 -0.4146369 0.2323664 0.01525817 0.03817804 0.4112899
0.1779754 -0.4715851 0.2426329 0.01885021 0.05924276 0.4290028
0.17749 -0.4521164 0.2172259 -0.004407633 0.0371564 0.4125554
0.1950553 -0.4397075 0.2805034 0.02091375 0.001602877 0.3924097
0.2131969 -0.4329758 0.2625141 0.04337911 0.0361505 0.4694739
0.1963833 -0.5036409 0.2654617 0.1379051 0.04142043 0.4302534
0.2109834 -0.5132504 0.2448262 0.1154136 0.04303914 0.436223
0.2251134 -0.4847068 0.2698 0.1924596 0.04162307 0.4569263
0.2184978 -0.4822744 0.3146532 0.1244092 0.05154147 0.4660918
0.1976281 -0.5163735 0.2641647 0.142069 0.01831326 0.4255038
0.1989481 -0.4994968 0.2415889 0.154826 0.04184614 0.4606054
0.2149723 -0.4953292 0.2618033 0.1595495 0.03843025 0.4605987
0.2194246 -0.4663345 0.2410836 0.1719093 0.05899417 0.4534791
0.2333724 -0.443383 0.2856529 0.169441 0.0422726 0.4433245
0.1893504 -0.4709397 0.2226233 0.1881596 0.05489876 0.4011559
0.2098787 -0.4646027 0.2438063 0.185017 0.05348795 0.4136668
0.2162191 -0.4932686 0.2652766 0.1553908 0.04240676 0.4176358
0.2294125 -0.4355512 0.2648112 0.115486 0.05215024 0.4000399
0.2351275 -0.4456329 0.2516072 0.1286341 0.05327703 0.4180412
0.2393691 -0.4509237 0.3072278 0.114742 0.06118685 0.4268515
0.1859189 -0.504293 0.2668737 0.1076209 0.06361829 0.4085404
0.2029916 -0.4742951 0.2713393 0.1072656 0.02395542 0.4070342
0.2029916 -0.4742951 0.2713393 0.1072656 0.02395542 0.4070342
0.1971793 -0.4688223 0.2801629 0.1421851 0.02315099 0.4222858
0.2184137 -0.4706997 0.284818 0.1276111 0.05821774 0.4611558
0.236812 -0.4475898 0.2793192 0.1273226 0.05249108 0.4689834
0.2322032 -0.4119979 0.2987753 0.1152454 0.04516673 0.446704
0.1501201 -0.3654202 0.2141961 0.1195452 0.06125131 0.4106876
0.1785771 -0.3419924 0.2465893 0.1903097 0.04453146 0.3629241
0.1759202 -0.3468413 0.2415074 0.1558667 0.06326848 0.362464
0.2024981 -0.3545758 0.2537335 0.1131011 0.06899755 0.3894466
0.2158934 -0.3897952 0.2478141 0.1434363 0.07109309 0.3920894
0.2264695 -0.3655718 0.2678921 0.1454679 0.0417946 0.3923585
0.1740981 -0.4280053 0.2607552 0.138475 0.06682791 0.3961612
0.1919849 -0.4266565 0.2618425 0.133015 0.05938298 0.4047287
0.2050619 -0.4331836 0.2660764 0.1102752 0.06317201 0.4293024
0.2121757 -0.3762766 0.2681111 0.1073316 0.06121199 0.4114358
0.1952787 -0.4528822 0.2330215 0.1699761 0.06929079 0.4032456
0.2203305 -0.465937 0.3071605 0.09780161 0.06133625 0.4273012
0.2231719 -0.4704956 0.2578034 0.09928589 0.06890969 0.4302257
0.2496425 -0.4604499 0.2791009 0.1130535 0.07236294 0.4550703
0.2107312 -0.4550095 0.2403516 0.1308267 0.06082431 0.4443319
0.2034268 -0.4630139 0.2801401 0.1792332 0.02830566 0.4084333
0.2117792 -0.4305749 0.2527107 0.1763449 0.07045902 0.4218578
0.219233 -0.4299454 0.2801959 0.08705178 0.07347523 0.457527
0.1815928 -0.4689794 0.1935221 0.2195033 0.0732875 0.4438418
0.1949847 -0.4871359 0.2048504 0.1408439 0.03928693 0.4288628
0.2266304 -0.442347 0.2229872 0.1384317 0.07075873 0.4396794
0.2501393 -0.4155038 0.2386153 0.1414382 0.05902081 0.4446895
0.2501393 -0.4155038 0.2386153 0.1414382 0.05902081 0.4446895
0.1828371 -0.4657734 0.2711965 0.1444345 0.05960776 0.4086373
0.1869332 -0.4490501 0.2835833 0.1750991 0.06334948 0.4152454
0.2078014 -0.4396842 0.2668779 0.1485349 0.02723464 0.4217101
0.2218793 -0.4342015 0.2792486 0.1832829 0.03635817 0.4536661
0.196331 -0.486302 0.246596 0.1619392 0.05456569 0.4471755
0.1992572 -0.4750107 0.2457449 0.01900041 0.0583961 0.4416431
0.2169496 -0.4720022 0.3018835 0.1027416 0.03965482 0.4365066
0.1702577 -0.4988401 0.238924 0.1608602 0.06730549 0.4270746
0.2233069 -0.4711887 0.282742 0.1411691 0.05889085 0.4502671
0.2325617 -0.457849 0.2791711 0.1348952 0.04984166 0.4460741
0.1876476 -0.4848131 0.2258916 0.1371782 0.03008797 0.4348848
0.197842 -0.4743558 0.2124424 0.1159552 0.05022689 0.4546225
0.2041725 -0.4696231 0.2468178 0.07480798 0.08960404 0.4550636
0.2271409 -0.4431478 0.2544003 0.07494318 0.03423028 0.395845
0.2312163 -0.4429778 0.2852092 0.1220298 0.03384371 0.4054714
0.2471771 -0.4493585 0.2508859 0.1324304 0.05278843 0.4148414
0.1870546 -0.5027264 0.2259331 0.08913141 0.07240877 0.4216655
0.194994 -0.4889016 0.2540429 0.136751 0.07409596 0.4569167
0.2036565 -0.475366 0.2245054 0.1121996 0.08095123 0.4425264
0.2036565 -0.475366 0.2245054 0.1121996 0.08095123 0.4425264
0.2157192 -0.4592176 0.2788065 0.1729758 0.03870394 0.4077984
0.2423161 -0.4524522 0.2908917 0.1827699 0.06442197 0.4149429
0.1647105 -0.4248114 0.1661428 0.09340723 0.07043434 0.4026108
0.191157 -0.4451057 0.2180067 0.08629767 0.0572158 0.4083216
0.2141263 -0.375005 0.2006088 0.09665283 0.02594271 0.3959926
0.1636682 -0.4322813 0.2132428 0.101115 0.0512002 0.4234209
0.1715867 -0.4463137 0.2298196 0.06374464 0.06532294 0.4001557
0.1976959 -0.4593828 0.2589326 0.08789487 0.04688298 0.4059872
0.2123951 -0.4444344 0.2614794 0.1047513 0.05206856 0.407503
0.2198072 -0.4137631 0.2821587 0.1665391 0.0530743 0.4157059
0.1757387 -0.4331443 0.2413954 0.2086727 0.03540394 0.3900225
0.1993604 -0.4193586 0.2641142 0.1833895 0.06515922 0.4219401
0.2068395 -0.4215706 0.2254804 0.1517262 0.04873667 0.4006547
0.2579865 -0.3989771 0.2737122 0.1321924 0.06735914 0.4186335
0.1839418 -0.4196479 0.2456819 0.1997971 0.06453734 0.4210875
0.1888601 -0.4404007 0.2696049 0.153512 0.07164593 0.4457499
0.2085137 -0.4094769 0.2724649 0.1503211 0.07453879 0.4270188
0.2216721 -0.4159701 0.2583584 0.12248 0.03312364 0.419034
0.2277071 -0.4189466 0.2734661 0.1096925 -0.01061164 0.4131823
0.1668281 -0.4028202 0.1933199 0.1534762 0.02752241 0.4303875
0.1636591 -0.385094 0.2006455 0.1389889 0.02951901 0.4071466
0.1762212 -0.342207 0.1931638 0.1508677 0.020739 0.425122
0.1865103 -0.3352107 0.2382191 0.1020097 -0.01517298 0.4423352
0.21114 -0.3423829 0.2526899 0.09469273 -0.0127761 0.432958
0.1389759 -0.362832 0.2159923 0.06776102 -0.02225557 0.404537
0.1482656 -0.3299978 0.2263472 0.138977 -0.01341595 0.4202858
0.1708969 -0.3200088 0.1611735 0.09578766 0.009128352 0.4241925
0.1918003 -0.3021568 0.177584 0.07820161 0.02646286 0.4590831
0.1507773 -0.3678617 0.2017041 0.105914 0.01256567 0.4336485
0.1515907 -0.3624009 0.1992166 0.1211994 0.04124588 0.4489117
0.1660776 -0.3400538 0.2287746 0.05107753 0.01663037 0.4265377
0.1754297 -0.3289584 0.2367384 0.0633117 0.02058193 0.4415992
0.1715049 -0.2985579 0.2166127 0.04246785 -0.008029511 0.4149049
0.1351968 -0.3537152 0.1966743 0.01192607 0.03504889 0.4053151
0.1363091 -0.3378438 0.2058359 0.01803573 0.04200691 0.4041052
0.1371232 -0.314094 0.217794 0.01126713 0.055837 0.4119951
0.151373 -0.3216837 0.1811102 0.03970598 0.0528021 0.4031022
0.1640477 -0.3253804 0.1965073 0.001799719 0.04739865 0.4142103
0.1435195 -0.3493323 0.1671783 0.08447653 0.07145869 0.4166885
0.149224 -0.3564234 0.1974004 0.07208588 0.0575079 0.4180202
0.1467966 -0.3281189 0.1580048 0.0564834 0.06713349 0.4005685
0.1667914 -0.3170055 0.2030592 0.07375114 0.05489285 0.3959638
0.1886001 -0.3353805 0.2017973 0.1001016 0.03608838 0.3861628
0.19588 -0.3426369 0.2158822 0.09456118 0.0249033 0.3803751
0.1402807 -0.3525771 0.1912005 0.1156038 0.0390547 0.3460772
0.1447099 -0.3554366 0.1667694 0.1445377 0.07820565 0.3690222
0.1615935 -0.3257001 0.1676533 0.1100783 0.02883718 0.3890507
0.1680853 -0.310467 0.1625682 0.1491543 0.06492169 0.3805341
0.1794992 -0.3013865 0.1683119 0.178147 0.06085441 0.4114387
0.1901776 -0.2944177 0.1463262 0.1089206 0.03218223 0.387311
0.1387455 -0.3230377 0.1383432 0.1426135 0.04112978 0.3602585
0.139846 -0.3152107 0.1698506 0.1482044 0.05428428 0.3801684
0.1588178 -0.3087131 0.1631516 0.1620631 0.03524056 0.3867148
0.1684185 -0.2672676 0.1552121 0.1190164 0.01532478 0.3701817
0.1985759 -0.2858189 0.1663813 0.09122908 0.03358985 0.4005772
0.1201399 -0.2686513 0.1178643 0.07949918 0.03612517 0.3486015
0.1272545 -0.2443953 0.108982 0.09357593 0.05162226 0.3333556
0.1363671 -0.2285479 0.09878145 0.07567158 0.05701043 0.3730775
0.1657934 -0.2641698 0.1332282 0.08747492 0.0108637 0.3501439
0.1577756 -0.2578801 0.1147118 0.123542 0.046837 0.3751798
0.1714193 -0.2490475 0.1824535 0.1335991 0.04610603 0.3625491
0.1737069 -0.2757814 0.1982701 0.1013479 0.01747199 0.379653
0.1265655 -0.3133224 0.1554297 0.09840827 0.03721507 0.3739438
0.1312187 -0.2880032 0.156226 0.04965626 0.01112355 0.3674266
0.1377349 -0.2845305 0.1419679 0.07921936 0.02967504 0.377077
0.1484534 -0.2627037 0.1595167 0.08719268 0.02785637 0.398349
0.1731613 -0.2699029 0.2002695 0.03243027 0.03160388 0.4067555
0.1322624 -0.3057738 0.131394 0.05467606 0.02273395 0.3720634
0.166255 -0.3171506 0.1633881 0.06611414 0.04947692 0.4045105
0.1641367 -0.2999236 0.1496629 0.05263111 0.03151334 0.3853279
0.1752029 -0.2991909 0.1526374 0.1072742 0.003071847 0.3692758
0.1788729 -0.2874199 0.1567709 0.07157807 0.03934074 0.3904931
0.1389388 -0.3619747 0.1754044 0.06968693 0.03264918 0.3989104
0.1443978 -0.3986379 0.170986 -0.03543346 0.02703526 0.421339
0.1619281 -0.3681589 0.1608727 0.0792104 0.05292105 0.4196105
0.1610681 -0.3558324 0.2006562 0.04537763 0.03754103 0.4110751
0.1961192 -0.3030146 0.1939991 0.04530134 0.03223422 0.4051565
0.1322965 -0.3768849 0.1476827 0.1056946 0.05144068 0.4108246
0.1369992 -0.3819451 0.1724906 0.146167 0.06228245 0.4115161
0.1440265 -0.3559993 0.1635602 0.0825749 0.04795083 0.4113308
0.1545159 -0.340672 0.1711374 0.08172993 0.03578575 0.4153402
0.1726679 -0.3228761 0.1768013 0.1085211 0.04066949 0.4356309
0.1619325 -0.3053006 0.1915758 0.06797944 0.02439719 0.406828
0.1316849 -0.3469874 0.1595277 0.07636344 0.05299801 0.4112213
0.1441568 -0.3476217 0.1673355 0.1035787 0.02772084 0.4133278
0.1739253 -0.3258184 0.1511307 0.09541072 0.04855512 0.4406087
0.1833498 -0.2788319 0.192426 0.00176345 0.04099654 0.4216611
0.1442991 -0.3591695 0.1785115 0.06495835 0.03148854 0.4264285
0.1357229 -0.3294435 0.1706145 0.07286056 0.04660652 0.4091724
0.1626906 -0.3144742 0.1862369 0.05882557 0.03477103 0.4386219
0.1621505 -0.3242235 0.1846806 0.08217836 0.07785512 0.4586599
0.183959 -0.3232704 0.1937725 0.08971948 0.03326745 0.4464583
0.17595 -0.2991633 0.197735 0.1178842 0.04325941 0.4452186
0.1356282 -0.3512799 0.1782816 0.07471289 0.02367292 0.45886
0.1288724 -0.3565198 0.1826938 0.05436314 0.01554824 0.4295469
0.1583168 -0.3427733 0.1579352 0.09271859 0.01579629 0.4513426
0.1456625 -0.2961838 0.1681659 0.03645619 0.002052072 0.4372395
0.1621315 -0.2992597 0.1857156 0.05347546 0.0303223 0.4660009
0.1651329 -0.2666327 0.1766592 0.07912515 0.04325975 0.48228
0.158492 -0.3582438 0.2023509 0.09254824 0.02112026 0.479112
0.1519235 -0.3651721 0.1909976 0.05614635 0.03146246 0.4694569
0.1550376 -0.3345817 0.2033499 -0.0102265 0.03233117 0.4338002
0.1385556 -0.3872597 0.1935347 0.05694302 0.07375722 0.4939369
0.1410931 -0.3685604 0.1500367 0.04928378 0.03908367 0.4538256
0.147631 -0.351227 0.160178 0.03331825 0.04134875 0.4375377
0.1547764 -0.3294248 0.1558385 0.03022645 0.05688351 0.4619533
0.1718761 -0.3141286 0.1872162 0.03187901 0.06396692 0.4775845
0.1738357 -0.3189416 0.2002083 0.0533263 0.05446608 0.4250437
0.1452791 -0.357895 0.1642487 0.09449012 0.08120557 0.4249286
0.1423422 -0.3595773 0.1376998 0.08369875 0.09496567 0.4001188
0.1700934 -0.3176509 0.1861488 0.03231271 0.09986297 0.4764405
0.1441236 -0.3898044 0.1836683 0.03696739 0.08694474 0.423978
0.1459659 -0.3608784 0.1588846 0.03935741 0.09011575 0.4297279
0.1695769 -0.3335131 0.1844225 0.03899115 0.06309975 0.4314606
0.1738559 -0.3118304 0.1545874 0.06651346 0.08416901 0.4602107
0.1817624 -0.3064865 0.1707504 0.07477482 0.0626277 0.4437127
0.1506332 -0.3705404 0.1499602 0.06430575 0.0990867 0.436391
0.1387042 -0.3677827 0.1756466 0.02325052 0.08969344 0.4243174
0.1641521 -0.3350149 0.1683411 0.05967302 0.1013802 0.4720703
0.1767968 -0.3661957 0.2008398 0.04306885 0.03856343 0.4740956
0.1400389 -0.4317436 0.2234092 0.01723147 0.07149174 0.4748886
0.160687 -0.3787652 0.2376415 -0.004927348 0.05918198 0.4564152
0.1679571 -0.3627822 0.193744 -0.04779661 0.06933268 0.460868
0.1370417 -0.3999163 0.200855 0.001089989 0.06554063 0.442478
0.1526395 -0.4044123 0.1763042 -0.01862176 0.090338 0.4389814
0.1723815 -0.4006484 0.1909134 0.02143849 0.09495249 0.459675
0.1999864 -0.3955804 0.229339 0.05013565 0.05758556 0.4547832
0.1740827 -0.4299622 0.1891229 0.05897962 0.08125407 0.4548182
0.1688371 -0.4682577 0.2356691 0.04677005 0.09359959 0.4657577
0.1934952 -0.4516699 0.2312915 0.01954993 0.09596916 0.4737367
0.1852517 -0.4388339 0.2256957 0.04560873 0.08414013 0.4643316
0.2023292 -0.4463031 0.2229281 0.04135574 0.08230986 0.4072822
0.2067505 -0.4117907 0.220017 0.06427219 0.08770944 0.4134696
0.1723779 -0.4533223 0.2114989 0.06571359 0.08741252 0.396413
0.2001457 -0.4435143 0.2164374 0.1077374 0.08509176 0.3870926
0.2156116 -0.4180721 0.2113939 0.1678775 0.09331341 0.4159597
0.1905318 -0.4990903 0.2066241 0.2044722 0.07607215 0.4110017
0.1856876 -0.4476478 0.2135384 0.1516753 0.1096177 0.4635268
0.1973211 -0.4161483 0.2534941 0.1553582 0.0825783 0.4642648
0.2237308 -0.423338 0.2088957 0.1050559 0.07100654 0.4552619
0.2705705 -0.4041466 0.2390914 0.0505399 0.1215143 0.4311177
0.1715459 -0.4616609 0.2210223 0.1281341 0.117085 0.4217781
0.1721809 -0.4751451 0.2331273 0.1258646 0.09247112 0.4214074
0.1985582 -0.4289964 0.2369407 0.07674414 0.07907279 0.4183557
0.2026533 -0.4260628 0.246946 0.09235893 0.102478 0.4439923
0.2026533 -0.4260628 0.246946 0.09235893 0.102478 0.4439923
0.2276132 -0.4228154 0.2707373 0.1402599 0.06883119 0.4291014
0.1667299 -0.4530086 0.2006099 0.1502459 0.09436397 0.4115635
0.1889248 -0.4626245 0.1808966 0.1550793 0.09578818 0.42141
0.1899933 -0.4350022 0.20563 0.1478507 0.1040144 0.430038
0.2507688 -0.4068816 0.2197973 0.1272766 0.09497865 0.4194291
0.1701287 -0.4461951 0.2077969 0.1744283 0.1032568 0.4375356
0.1818877 -0.4284098 0.2203158 0.1933923 0.1024098 0.4367381
0.1831639 -0.4277211 0.1801546 0.2106515 0.09635268 0.4438645
0.2205505 -0.3654093 0.2098408 0.2515451 0.07694534 0.4580618
0.2359895 -0.3587494 0.2098169 0.2577857 0.1006088 0.4959511
0.1856952 -0.4063134 0.2172433 0.2430695 0.1233614 0.4620988
0.1787935 -0.4144151 0.1683893 0.2281196 0.07144959 0.4149939
0.199562 -0.4078906 0.1903957 0.2394129 0.1044061 0.4411778
0.2043702 -0.4074925 0.1843415 0.2018471 0.08727051 0.4066242
0.2410323 -0.3971334 0.2114599 0.2485849 0.07438693 0.4278313
0.163922 -0.4087623 0.1856304 0.1969251 0.08713315 0.4081509
0.1691548 -0.4255334 0.2191788 0.1202458 0.09201491 0.4719262
0.18314 -0.4280632 0.1914092 0.1612554 0.07247914 0.4188519
0.2332274 -0.3444647 0.2091738 0.1334978 0.06563614 0.4327828
0.1837017 -0.4558323 0.2037618 0.1619639 0.05302723 0.4484687
0.1815707 -0.4652164 0.2128245 0.172583 0.03764392 0.4385505
0.1873129 -0.4580297 0.2252372 0.1801866 0.07862215 0.4485537
0.2317206 -0.3703133 0.183134 0.2666865 0.0852915 0.4171673
0.1872496 -0.438201 0.1805927 0.2560576 0.1150604 0.4134752
0.2037578 -0.4428419 0.1824321 0.2426944 0.08569313 0.4124899
0.2138591 -0.4407679 0.2029138 0.237056 0.07184451 0.4380391
0.2472863 -0.3795492 0.2105671 0.225455 0.07503515 0.4441069
0.1921209 -0.4103585 0.1588652 0.2833343 0.1282832 0.467481
0.1821136 -0.4063076 0.1684243 0.2527866 0.1019318 0.4532112
0.2022798 -0.4185405 0.2394104 0.2030899 0.1107 0.4640227
0.2048092 -0.3921673 0.2226357 0.1366248 0.06168836 0.4481129
0.1646143 -0.4536012 0.1630613 0.1167871 0.08798189 0.4616703
0.177538 -0.4429161 0.1616726 0.1322863 0.05050658 0.4414431
0.1921615 -0.4140785 0.1538223 0.1763464 0.07185806 0.4487393
0.214279 -0.4028086 0.1888627 0.1969316 0.06236683 0.4449343
0.2199423 -0.3895951 0.2229904 0.1695317 0.07041465 0.467302
0.1526511 -0.4212287 0.1789105 0.136557 0.08115344 0.4439954
0.1716744 -0.3983157 0.1766646 0.1131046 0.0561806 0.4481214
0.1994094 -0.3872536 0.2024743 0.07447678 0.1058002 0.415872
0.2302528 -0.392054 0.1999243 0.08404923 0.07745215 0.4041784
0.1777219 -0.4490562 0.2046141 0.1331737 0.1042488 0.4197804
0.1890138 -0.4130823 0.2060968 0.1504179 0.1059012 0.38633
0.2062511 -0.3964183 0.2250096 0.04635336 0.08482902 0.3976465
0.2445845 -0.3878178 0.2333545 0.08564599 0.09244235 0.4186218
0.1760672 -0.4702516 0.219162 0.1161898 0.1117711 0.4170196
0.1742641 -0.4569465 0.2063328 0.1201966 0.1133974 0.4156839
0.171679 -0.4276762 0.1970253 0.0620416 0.1150374 0.3880571
0.2109742 -0.4184086 0.1990895 0.1141254 0.1142116 0.4100239
0.2501843 -0.3964697 0.2744791 0.06172086 0.09652317 0.4040728
0.185182 -0.4397645 0.1906942 0.1341673 0.1190134 0.4010347
0.1827004 -0.4237749 0.1638865 0.1329293 0.1211997 0.4176995
0.2133786 -0.4040613 0.2065156 0.1429708 0.1153169 0.4204624
0.2164877 -0.4080222 0.1957256 0.1426184 0.1040403 0.4036888
0.2258204 -0.4163104 0.2513893 0.07424636 0.1016518 0.4057541
0.1703411 -0.44186 0.1896382 0.1536683 0.125988 0.4250438
0.2080663 -0.4189166 0.2148904 0.1455231 0.1147028 0.3902543
0.2259603 -0.4159552 0.2194419 0.1446356 0.1093481 0.4062366
0.236817 -0.3742278 0.2202305 0.1696298 0.1192006 0.4281331
0.1694086 -0.4525892 0.2037342 0.07257701 0.1491357 0.4238236
0.1759156 -0.4329915 0.190663 0.1144137 0.1417325 0.4219002
0.2097842 -0.4648529 0.2229613 0.08654755 0.09419244 0.4156098
0.2199365 -0.4404587 0.2271607 0.1327751 0.1185687 0.4292537
0.2295951 -0.403585 0.2412766 0.1240846 0.111686 0.4287406
0.1672552 -0.4009912 0.1762103 0.08016122 0.1869471 0.403942
0.1769677 -0.3847612 0.2188341 0.1023395 0.1479063 0.3874644
0.1932179 -0.3789623 0.2238427 0.1067845 0.1129519 0.3792424
0.2104006 -0.3785827 0.2098742 0.1065494 0.09680896 0.4097594
0.2286674 -0.3766623 0.2094053 0.1088731 0.1244126 0.4163512
0.1645903 -0.3942582 0.198249 0.1507984 0.1308738 0.4296755
0.1810792 -0.4205255 0.2037818 0.1607606 0.1322936 0.430561
0.196415 -0.4110222 0.2473705 0.1240202 0.1174372 0.4514627
0.2261185 -0.4048587 0.275904 0.1218851 0.09822752 0.4405889
0.2301201 -0.4217048 0.2546483 0.1175225 0.1047296 0.4395755
0.2254159 -0.3739941 0.2395503 0.07034804 0.1181585 0.4346289
0.1737256 -0.483512 0.2357063 0.1340262 0.1324852 0.4391433
0.1784336 -0.4200104 0.2115187 0.1126763 0.1533227 0.4384102
0.2101462 -0.4180047 0.2558901 0.07638973 0.1023497 0.4216652
0.2118882 -0.4086531 0.2447626 0.06666978 0.1141514 0.431904
0.2129346 -0.3790522 0.2645054 0.1145158 0.1291575 0.4211865
0.1827692 -0.446758 0.2295939 0.1102618 0.1226014 0.4266113
0.1762883 -0.4227096 0.2454437 0.09475573 0.1018866 0.3987653
0.2138109 -0.4206723 0.2344885 0.1125844 0.08940472 0.3983106
0.2410646 -0.3963999 0.2750272 0.09543335 0.09720681 0.4317061
0.1716155 -0.4453692 0.2297635 0.05138821 0.1026277 0.4267058
0.1737744 -0.4453645 0.1895993 0.04193927 0.1145244 0.4126422
0.2399679 -0.4182372 0.2480058 0.07177677 0.1493561 0.4455586
0.1822712 -0.4377394 0.1978462 0.1193217 0.1504828 0.4380295
0.1806953 -0.440926 0.2381496 0.06409746 0.1031596 0.4115146
0.207781 -0.4182154 0.2316677 0.05114827 0.1119894 0.4188412
0.2330633 -0.4120213 0.2401607 0.06703997 0.100345 0.4070648
0.1724474 -0.4400746 0.2161546 0.1093494 0.1234018 0.4247615
0.1802824 -0.4283735 0.2096495 0.1092942 0.1000825 0.3812495
0.1946445 -0.3960045 0.2182576 0.09223495 0.1342545 0.4126576
0.2164071 -0.3963989 0.252004 0.04756288 0.1242579 0.4367163
0.1911379 -0.4316603 0.2496655 0.07439062 0.132177 0.4372559
0.1910089 -0.497557 0.2540376 0.02446724 0.1458172 0.4273793
0.2173696 -0.5013002 0.2462849 0.09827934 0.1577317 0.4226404
0.2208366 -0.4803156 0.2324299 0.05331407 0.1571253 0.4090233
0.2159895 -0.4572144 0.248783 0.05754532 0.1552987 0.408836
0.2199757 -0.4152856 0.2245568 0.09794986 0.165893 0.3938885
0.1756666 -0.4637253 0.2245452 0.06916063 0.1516924 0.3928349
0.1881551 -0.4872822 0.2452398 0.1002784 0.1309845 0.4129977
0.1995803 -0.4523188 0.2519547 0.05392335 0.1190562 0.4041365
0.1995803 -0.4523188 0.2519547 0.05392335 0.1190562 0.4041365
0.2016387 -0.4438605 0.2500916 0.0997526 0.1153006 0.4087419
0.2334551 -0.4107566 0.265318 0.1552356 0.1390549 0.4220958
0.1757104 -0.4415022 0.2090464 0.1537616 0.1352307 0.4264595
0.1942319 -0.4407453 0.2138983 0.1699622 0.1314551 0.4238329
0.1893065 -0.4104503 0.2036985 0.1870191 0.1115107 0.4166049
0.2185195 -0.4020916 0.192175 0.1475413 0.1153386 0.4172849
0.2059368 -0.3915315 0.216055 0.0626438 0.1173543 0.4102848
0.1470009 -0.3762081 0.155379 0.1456956 0.1558674 0.4043895
0.1476873 -0.346154 0.1951517 0.07076415 0.134403 0.413324
0.1779273 -0.3891992 0.194126 0.106587 0.1581233 0.4414109
0.1937958 -0.4039198 0.1977418 0.106572 0.1264513 0.4160612
0.2099871 -0.3820484 0.2459926 0.1135407 0.1410707 0.4348213
0.1686793 -0.4172101 0.1705188 0.1637021 0.1640788 0.4041007
0.1667017 -0.4002872 0.2035677 0.06977072 0.1380026 0.3799485
0.2124451 -0.353162 0.2248258 0.04526123 0.0987722 0.401144
0.1745641 -0.4209527 0.1916915 0.1342701 0.09057434 0.3701236
0.170018 -0.4112675 0.2078811 0.1212901 0.1287041 0.4057737
0.1849327 -0.3972677 0.1931612 0.08333669 0.1041483 0.3889929
0.2117888 -0.3947397 0.2128733 0.13616 0.09017807 0.3741856
0.2243323 -0.3749397 0.2610984 0.1056639 0.07912683 0.3789064
0.1770398 -0.4033571 0.2054292 0.1609507 0.09168588 0.3834369
0.1662238 -0.382645 0.1760849 0.1637637 0.1143415 0.3709289
0.1908333 -0.3868532 0.2112232 0.1747075 0.08727058 0.3753932
0.218958 -0.368488 0.2408664 0.1813005 0.09408361 0.394125
0.2205208 -0.3654097 0.2458396 0.1339555 0.1083391 0.3852969
0.2310868 -0.3476053 0.2471009 0.1286586 0.09648354 0.414326
0.1778433 -0.4169996 0.2340211 0.15604 0.09328934 0.3675008
0.1778095 -0.3947547 0.1729415 0.1764731 0.1202562 0.3751694
0.2000746 -0.3720596 0.1740177 0.269185 0.1043581 0.3703195
0.2079037 -0.3796173 0.1971648 0.1962345 0.1051718 0.390564
0.2207088 -0.3837025 0.2219198 0.168847 0.121368 0.389416
0.1786955 -0.4203169 0.2273636 0.126507 0.1418704 0.4082732
0.1969442 -0.4005974 0.2215874 0.1772366 0.08982882 0.3756018
0.2030485 -0.4137551 0.2216453 0.124499 0.1378605 0.4076526
0.2149336 -0.3829265 0.1883 0.08968028 0.1472058 0.3971154
0.2160997 -0.378909 0.2231051 0.04827704 0.1122214 0.4020721
0.1836275 -0.4317652 0.2253438 0.1048694 0.09938133 0.3998655
0.1883349 -0.4297159 0.2137012 0.08673245 0.0955489 0.3911657
0.1983192 -0.3820224 0.1876888 0.1207644 0.1139591 0.4027492
0.2031481 -0.3632534 0.2153277 0.1089668 0.1012973 0.3883297
0.2153451 -0.358514 0.2161843 0.06531031 0.1125413 0.3931388
0.1770313 -0.3780031 0.2090741 0.06126135 0.1323114 0.3915382
0.1657279 -0.375311 0.2060515 0.09571064 0.136902 0.3874267
0.1682782 -0.3680439 0.2098605 0.05540599 0.1507234 0.3991077
0.1953289 -0.3800487 0.2249919 0.07773707 0.1303969 0.3967208
0.2089582 -0.3958015 0.2311385 0.05919036 0.1220079 0.4162555
0.1609507 -0.4084357 0.2000416 0.0508137 0.1346035 0.4141257
0.1654502 -0.3954599 0.1753244 0.04833604 0.118474 0.3951089
0.1831114 -0.4035195 0.19086 0.1381999 0.1098075 0.4098423
0.1906822 -0.3629724 0.1954606 0.1718315 0.1461943 0.4152241
0.2146735 -0.3099374 0.1702389 0.1749051 0.14646 0.375623
0.2238444 -0.3350312 0.2060021 0.1579662 0.130487 0.4024217
0.1813359 -0.407377 0.1808137 0.1449066 0.1065728 0.4026516
0.1911345 -0.374964 0.1779259 0.09199363 0.1224375 0.3970754
0.1838636 -0.3525941 0.1970833 0.1089629 0.1355896 0.3994239
0.2114804 -0.3723449 0.202389 0.1033534 0.09601972 0.4021145
0.1704421 -0.4076254 0.1726113 0.1292518 0.1374321 0.4208782
0.1771877 -0.3805237 0.1796923 0.1181605 0.1182262 0.3918298
0.1771877 -0.3805237 0.1796923 0.1181605 0.1182262 0.3918298
0.2007561 -0.3989241 0.2391362 0.1298023 0.1156699 0.4256548
0.2004164 -0.3824272 0.2358885 0.05135521 0.1090354 0.4364629
0.1812909 -0.4538654 0.2135506 0.06581967 0.1111974 0.4161462
0.1836654 -0.420752 0.1846475 0.1490772 0.1223708 0.3861803
0.205439 -0.3593241 0.1869865 0.1428539 0.1222338 0.4177326
0.2357931 -0.3526964 0.2169575 0.1546203 0.1206775 0.4071432
0.1666467 -0.412899 0.1752462 0.1515018 0.1325648 0.4018879
0.1661868 -0.3916292 0.2098549 0.1182713 0.1233507 0.4102364
0.1878644 -0.3887967 0.2084917 0.0801689 0.1267925 0.4354786
0.1848803 -0.3859318 0.2263838 0.0841353 0.120706 0.4244111
0.1920457 -0.3727239 0.1891367 0.1606215 0.1065053 0.4137217
0.1831425 -0.4130729 0.1916921 0.1739154 0.1204726 0.4043452
0.1863334 -0.404897 0.1879351 0.1521494 0.1558051 0.4156663
0.2140477 -0.4170945 0.2316474 0.07212353 0.120786 0.4356696
0.1798467 -0.4550241 0.2376236 0.1294999 0.1216358 0.4192578
0.1920024 -0.4495243 0.2461839 0.139164 0.1227248 0.412715
0.2157054 -0.4119751 0.2302202 0.1190478 0.1436425 0.4153048
0.2323022 -0.3694001 0.2709263 0.1006919 0.1391035 0.3718697
0.1731343 -0.4026055 0.2065967 0.06186436 0.124762 0.3859495
0.1752749 -0.3794979 0.1878555 0.05425347 0.1614104 0.3820979
0.1882142 -0.3704979 0.2175472 0.06684761 0.139856 0.380464
0.1874157 -0.3900515 0.2570349 0.04594759 0.1438048 0.3880711
0.1814313 -0.3978054 0.2653491 -0.01442395 0.1480372 0.3963873