0.1737092 -0.1499261 0.1474472 0.1506677 0.178124 -0.09851427
0.182362 -0.1562771 0.10841 0.08964513 0.1523272 -0.1364034
0.2132063 -0.1681664 0.1207438 0.04739904 0.1483717 -0.1124962
0.1444808 -0.2390329 0.1118935 0.09101061 0.1341219 -0.1211866
0.1509205 -0.2367889 0.1284168 0.1040753 0.1444769 -0.1022356
0.1917706 -0.2314358 0.1603135 0.04347152 0.1449511 -0.09470627
0.197134 -0.1668095 0.1325955 0.008675575 0.1117388 -0.1158892
0.1296851 -0.2159974 0.09865156 0.02667742 0.1503686 -0.1007896
0.1709894 -0.2095427 0.1005959 0.08957592 0.1349474 -0.1053129
0.2259177 -0.1662767 0.1162428 0.1714304 0.1211255 -0.07689769
0.1602975 -0.2119202 0.09883575 0.2137178 0.1055313 -0.1069207
0.1882399 -0.1861393 0.1365652 0.1845469 0.1086298 -0.0814732
0.236069 -0.1883509 0.1578359 0.1912106 0.06927176 -0.08621813
0.151655 -0.2218632 0.10229 0.04803665 0.0847078 -0.1157652
0.1696597 -0.2444669 0.1348355 0.1360715 0.09085537 -0.08675583
0.1976778 -0.2580014 0.1355333 0.07954562 0.06631262 -0.1042556
0.2012479 -0.1504173 0.1072163 0.2945472 0.07493562 -0.09497914
0.1997178 -0.1536283 0.1219442 0.270481 0.07894421 -0.1049213
0.2110498 -0.1544282 0.1196329 0.1805003 0.09419428 -0.07936448
0.2032594 -0.141679 0.1034428 0.222679 0.08142968 -0.1256082
0.19725 -0.1371803 0.08992217 0.215277 0.09798856 -0.1175538
0.1978611 -0.1260827 0.09176484 0.190918 0.0862207 -0.1363686
0.2079225 -0.1272185 0.1118485 0.2088912 0.09167946 -0.1075141
0.2050797 -0.1249943 0.1045864 0.1694142 0.09751531 -0.1207499
0.2020684 -0.1095721 0.08674067 0.2114455 0.1097496 -0.1126104
0.206771 -0.113597 0.0993359 0.209261 0.1385049 -0.1072319
0.2109547 -0.1319716 0.09905803 0.2211541 0.09663259 -0.1268056
0.2156231 -0.1068448 0.09268085 0.2899496 0.1165625 -0.1184551
0.1930496 -0.1028287 0.1151409 0.2440413 0.1283892 -0.0899167
0.2407676 -0.08431627 0.1003607 0.3110675 0.114746 -0.1294635
0.1413977 -0.1362382 0.07755075 0.2240148 0.09547041 -0.1368739
0.1544017 -0.1231 0.06930105 0.2694317 0.08584907 -0.1263764
0.1566603 -0.1287877 0.1074277 0.1979435 0.09381642 -0.1144883
0.1541232 -0.1488615 0.1009793 0.1563105 0.08271245 -0.16415
0.1719162 -0.1623248 0.09810247 0.2154179 0.07733525 -0.1214402
0.1942804 -0.2036274 0.1289317 0.3450058 0.0630802 -0.1333219
0.188562 -0.1558659 0.09914237 0.2506766 0.08349015 -0.1540719
0.1923792 -0.1944322 0.13628 0.1071175 0.07039353 -0.1619052
0.2029889 -0.1848511 0.1301417 0.1236403 0.05044538 -0.1707254
0.1975845 -0.1658365 0.1385893 0.1676805 0.06092826 -0.1569158
0.1944557 -0.1671181 0.123313 0.1793359 0.08746141 -0.1421016
0.2411979 -0.1297731 0.09703697 0.2719657 0.1053298 -0.1790817
0.2245704 -0.138715 0.1167201 0.1858189 0.08349023 -0.1934628
0.1514063 -0.1654412 0.08626838 0.1949658 0.1105779 -0.1844601
0.1567596 -0.1640943 0.08546556 0.2382438 0.1149911 -0.1677867
0.179717 -0.1669921 0.104893 0.1389396 0.1402439 -0.1728659
0.179401 -0.1711159 0.1151787 0.155184 0.09423386 -0.1783207
0.2185735 -0.1755239 0.1186959 0.1867239 0.1004637 -0.1883025
0.2189351 -0.1520092 0.1163444 0.1601587 0.09880023 -0.1811652
0.1634597 -0.163989 0.09787798 0.1703857 0.1163264 -0.1614825
0.1577203 -0.1641186 0.1153526 0.1804715 0.09011532 -0.1623659
0.1598753 -0.1558671 0.1187938 0.1412863 0.1085254 -0.1261632
0.197017 -0.1650456 0.1232696 0.1267064 0.09803157 -0.1521856
0.1791711 -0.1535046 0.1301413 0.01124437 0.1315791 -0.1401713
0.1658389 -0.1923368 0.1193603 -0.04438121 0.1375845 -0.13799
0.1714627 -0.1932874 0.1195094 -0.02526338 0.1078377 -0.1374084
0.1794445 -0.1873553 0.1345714 -0.004921962 0.1383206 -0.1250763
0.1996607 -0.1722068 0.1124958 0.1005611 0.1416851 -0.1340648
0.2104636 -0.1680689 0.1260188 0.1507569 0.1438941 -0.1148884
0.2023923 -0.1781577 0.1479214 0.1214525 0.1258136 -0.1333091
0.2318457 -0.1759217 0.1385323 0.1289585 0.1074802 -0.1408644
0.1729533 -0.2462436 0.1343185 0.1263563 0.08851034 -0.1450849
0.1735132 -0.217528 0.1137641 0.1248581 0.1078127 -0.1448109
0.2039641 -0.1813366 0.1312934 0.1234529 0.1177824 -0.1244088
0.2170338 -0.176401 0.1225355 0.1873148 0.132787 -0.1337351
0.2433011 -0.1970637 0.1674106 0.1414402 0.106137 -0.1419777
0.1859249 -0.2835578 0.1226101 0.193581 0.09147827 -0.1316545
0.1854554 -0.2514082 0.1421563 0.1847081 0.05547736 -0.1588573
0.1789397 -0.2206246 0.0906704 0.1180781 0.1019554 -0.1620635
0.1893309 -0.1807301 0.08956615 0.2028421 0.06168865 -0.1780216
0.2079699 -0.1767141 0.1086249 0.2216977 0.103279 -0.14161
0.2206635 -0.1573017 0.09356252 0.2591976 0.1020278 -0.1705711
0.2259631 -0.141659 0.1038558 0.2623377 0.1254572 -0.1452175
0.2177065 -0.149124 0.122596 0.2307008 0.1036816 -0.1272683
0.2124921 -0.152277 0.116763 0.2311302 0.09993117 -0.136011
0.2192243 -0.1541785 0.1284044 0.2199163 0.09537864 -0.1488831
0.2061235 -0.1381747 0.1134119 0.1864254 0.1471329 -0.1196009
0.2167982 -0.1383906 0.1013069 0.1411529 0.1355292 -0.1336109
0.2211701 -0.1555424 0.1195699 0.1635086 0.1157355 -0.1530992
0.2321749 -0.154025 0.1354578 0.1027363 0.1237023 -0.1454322
0.1998003 -0.1502041 0.1215187 0.1379811 0.1160459 -0.1782286
0.2211197 -0.1762719 0.1170868 0.1239653 0.1211336 -0.1430621
0.219699 -0.1478063 0.09581106 0.1925392 0.1415371 -0.1433117
0.2173773 -0.1518737 0.1103813 0.1876296 0.1181569 -0.16957
0.2037173 -0.1789796 0.1076167 0.1016268 0.1097475 -0.1777114
0.2473753 -0.166064 0.1235299 0.1789541 0.08607379 -0.2030153
0.2290135 -0.1747012 0.1216739 0.1770763 0.1185678 -0.1974042
0.1822138 -0.2360166 0.101659 0.2255262 0.1043912 -0.1663896
0.1734453 -0.2264949 0.1443426 0.1141595 0.08170389 -0.1615731
0.1787934 -0.2176971 0.1243701 0.1097045 0.07859857 -0.154726
0.1901213 -0.1376996 0.09999806 0.08911745 0.05108096 -0.1725933
0.1854115 -0.1279167 0.08509702 0.1052919 0.07133339 -0.155904
0.1868538 -0.1367443 0.114767 0.07052783 0.1165388 -0.1352276
0.1842867 -0.1074984 0.1397337 0.09701236 0.08428312 -0.1697756
0.2006121 -0.1485049 0.1527435 0.07384363 0.08589605 -0.1969111
0.2011136 -0.1405984 0.1421978 0.1399433 0.09458398 -0.2087495
0.2170393 -0.1192599 0.1163124 0.1278896 0.1027484 -0.2000121
0.2161231 -0.1400235 0.1185805 0.1809932 0.1098064 -0.2042766
0.1419805 -0.1835478 0.1012944 0.1642217 0.1534648 -0.1695046
0.1650769 -0.1952346 0.1101651 0.009103339 0.1327471 -0.1698493
0.1976771 -0.1703621 0.09827004 0.1078034 0.09097153 -0.1682331
0.2043755 -0.1759291 0.1022225 0.1668212 0.09789097 -0.1407302
0.2021116 -0.1633276 0.100403 0.158414 0.120739 -0.1271253
0.2167589 -0.1732019 0.1174964 0.1690302 0.09853688 -0.1968926
0.2080337 -0.1975503 0.1443807 0.2353131 0.1134263 -0.1683927
0.2376425 -0.1799662 0.1285729 0.2132626 0.111944 -0.2083317
0.2280362 -0.1864456 0.1384913 0.223317 0.14022 -0.1930269
0.2610697 -0.1826718 0.1157684 0.2610435 0.0977997 -0.2116896
0.1702242 -0.1745824 0.09934557 0.2530144 0.1665136 -0.1760201
0.1681649 -0.1864191 0.08909088 0.1981111 0.12089 -0.233325
0.1771895 -0.1783863 0.09932172 0.2118632 0.1062986 -0.2325638
0.185155 -0.1782704 0.1173617 0.1600078 0.1211834 -0.2074077
0.1935187 -0.1699947 0.1008009 0.1934408 0.1336752 -0.2084622
0.2152573 -0.1678311 0.09855089 0.2415805 0.1332397 -0.2024082
0.2034593 -0.166468 0.12557 0.1725224 0.1034354 -0.2340368
0.2034593 -0.166468 0.12557 0.1725224 0.1034354 -0.2340368
0.2034593 -0.166468 0.12557 0.1725224 0.1034354 -0.2340368
0.2063558 -0.1517894 0.09855521 0.1729558 0.1229562 -0.2268059
0.2030282 -0.1422144 0.1042588 0.1962747 0.1237273 -0.2070924
0.2029562 -0.133095 0.08636841 0.2148131 0.1251844 -0.2179268
0.2200363 -0.1649138 0.1129347 0.2004746 0.07998367 -0.2363562
0.2148927 -0.1354357 0.1069305 0.2280764 0.1122475 -0.2039412
0.208 -0.1210307 0.08620877 0.2519266 0.08653534 -0.2567174
0.2037544 -0.1262774 0.08799788 0.2180232 0.09717459 -0.242688
0.211035 -0.1202476 0.09253221 0.2305088 0.09967057 -0.2401713
0.2060941 -0.1187818 0.0986955 0.2239648 0.08992792 -0.2407848
0.2060941 -0.1187818 0.0986955 0.2239648 0.08992792 -0.2407848
0.2183637 -0.1301692 0.09846022 0.2348934 0.1226951 -0.226674
0.2063406 -0.1272224 0.08425999 0.1638721 0.1031666 -0.2557515
0.2131798 -0.1513974 0.1176976 0.2195355 0.05853087 -0.2759456
0.227684 -0.1241764 0.08923942 0.2291276 0.0833682 -0.2468743
0.2494169 -0.1274858 0.09342795 0.3002773 0.1108548 -0.2139726
0.243288 -0.1254813 0.09371108 0.3257516 0.06690747 -0.2670454
0.1598792 -0.1886832 0.08272068 0.2863116 0.1240249 -0.2309318
0.1916995 -0.1800481 0.06295683 0.3433453 0.1119178 -0.2190906
0.1916995 -0.1800481 0.06295683 0.3433453 0.1119178 -0.2190906
0.1916995 -0.1800481 0.06295683 0.3433453 0.1119178 -0.2190906
0.1868137 -0.1452437 0.08906277 0.2331757 0.1190172 -0.2014535
0.1908341 -0.1527695 0.09664226 0.1845884 0.06839149 -0.2519009
0.1908341 -0.1527695 0.09664226 0.1845884 0.06839149 -0.2519009
0.1917539 -0.1503806 0.1127644 0.2070393 0.1030014 -0.2233988
0.2003398 -0.1323861 0.1022913 0.1723741 0.1057606 -0.2113582
0.2018883 -0.09717558 0.1242304 0.1448528 0.09785186 -0.2012259
0.1995231 -0.1084324 0.1221108 0.1277554 0.1091843 -0.2043147
0.1995231 -0.1084324 0.1221108 0.1277554 0.1091843 -0.2043147
0.2161188 -0.1642826 0.1132974 0.2028088 0.1153395 -0.1932528
0.2165934 -0.1549279 0.1065975 0.2319006 0.1241764 -0.1735786
0.2094201 -0.2031562 0.1219909 0.1636964 0.139223 -0.1646232
0.2238576 -0.2095173 0.1267669 0.1848029 0.1004364 -0.1990135
0.2314618 -0.1765562 0.1185367 0.2328159 0.1067417 -0.1952409
0.2314618 -0.1765562 0.1185367 0.2328159 0.1067417 -0.1952409
0.2314618 -0.1765562 0.1185367 0.2328159 0.1067417 -0.1952409
0.2314618 -0.1765562 0.1185367 0.2328159 0.1067417 -0.1952409
0.2045059 -0.1912607 0.1627849 0.2329797 0.1066793 -0.1976238
0.2181374 -0.193786 0.1514789 0.2000537 0.1096284 -0.1748782
0.2061576 -0.1646205 0.1287599 0.1509118 0.1018405 -0.1978425
0.2037684 -0.1682052 0.1452893 0.1389275 0.1356586 -0.164459
0.2284984 -0.1465274 0.1161697 0.2310474 0.1242234 -0.1668608
0.2259291 -0.1464689 0.1174608 0.2371817 0.117444 -0.1691898
0.2199508 -0.1379127 0.09010996 0.2434304 0.1442481 -0.1717636
0.2238477 -0.178397 0.1263474 0.2471803 0.1182903 -0.1854384
0.2168735 -0.1706883 0.1223117 0.2288263 0.1159466 -0.1724098
0.1918008 -0.1334214 0.1256609 0.1794018 0.1345363 -0.1910201
0.2049698 -0.103072 0.1034242 0.1811225 0.1277937 -0.1963085
0.2246526 -0.1192725 0.12009 0.2011164 0.1286974 -0.1883533
0.2404165 -0.135719 0.1185261 0.2131551 0.1219751 -0.1771166
0.2328302 -0.1547669 0.09859332 0.2017359 0.1170168 -0.1955957
0.2153638 -0.1736797 0.1273249 0.07808341 0.1035507 -0.1777854
0.2157269 -0.1652638 0.1298453 0.08464704 0.1254956 -0.1701363
0.2112658 -0.1914421 0.1623418 0.1097812 0.1008147 -0.1977947
0.2162875 -0.1931759 0.1843074 0.05962965 0.08162691 -0.1807116
0.2246072 -0.1922209 0.1586901 0.1043243 0.1003036 -0.178073
0.1698546 -0.2221834 0.1334071 0.06900256 0.09054964 -0.1757256
0.1628825 -0.1811906 0.1157924 0.03277406 0.08978339 -0.1796916
0.190364 -0.1652304 0.1190321 0.07224444 0.1018299 -0.185707
0.1890538 -0.1628053 0.1420108 0.05082703 0.07658971 -0.1788838
0.1930418 -0.1627962 0.144545 0.04699071 0.08394819 -0.1695808
0.2149837 -0.1748447 0.1728669 0.02173247 0.06826163 -0.1658341
0.1677636 -0.2123599 0.1437025 0.05294689 0.09998135 -0.2021772
0.1748008 -0.2004341 0.1353812 0.1164849 0.1011825 -0.2151177
0.1791036 -0.2030646 0.1081837 0.02657348 0.1149545 -0.1930928
0.1956369 -0.1995684 0.146603 0.06500496 0.1188164 -0.1911044
0.1862572 -0.1607715 0.1087616 0.08432578 0.1300492 -0.1969839
0.1883064 -0.1486202 0.1214623 0.08891564 0.1252905 -0.1931568
0.2023355 -0.208483 0.1611464 0.07291012 0.09660067 -0.2014002
0.1967877 -0.1409948 0.133113 0.1315629 0.11274 -0.2143608
0.2101414 -0.1472738 0.136656 0.08144769 0.09000856 -0.2102705
0.1894282 -0.1323722 0.1374231 0.1260277 0.1007374 -0.2077659
0.1980584 -0.1227208 0.09917124 0.1224552 0.1286999 -0.1988926
0.1952004 -0.1056078 0.1061196 0.09532733 0.1107495 -0.2058832
0.1640632 -0.1814062 0.1418993 -0.0001941682 0.08417121 -0.2225581
0.1805798 -0.1809036 0.1413753 0.02033671 0.1099653 -0.1911949
0.1635857 -0.1850754 0.1375463 0.02606441 0.1074472 -0.2122389
0.1861228 -0.1951403 0.1437232 0.05805975 0.1120765 -0.1904072
0.198069 -0.1981528 0.1405955 0.1229208 0.1354786 -0.1627802
0.2113608 -0.1994163 0.1453477 0.152767 0.1755932 -0.1287649
0.1973981 -0.1748119 0.1313611 0.1291393 0.1637216 -0.1539152
0.2163463 -0.1781397 0.1487871 0.157008 0.1478918 -0.1499057
0.208218 -0.1598548 0.1442181 0.1406143 0.153268 -0.1467406
0.2148389 -0.1746572 0.1261863 0.1076138 0.1492802 -0.1579962
0.2170239 -0.1666833 0.1056013 0.08466967 0.1558881 -0.1890774
0.1422999 -0.1954869 0.07849913 0.1341993 0.1867157 -0.1297234
0.1422999 -0.1954869 0.07849913 0.1341993 0.1867157 -0.1297234
0.1422999 -0.1954869 0.07849913 0.1341993 0.1867157 -0.1297234
0.1422999 -0.1954869 0.07849913 0.1341993 0.1867157 -0.1297234
0.1555548 -0.18161 0.06744283 0.1635369 0.1674097 -0.170082
0.174893 -0.1771009 0.08579181 0.1038962 0.1795209 -0.1560965
0.1804779 -0.1865618 0.09571204 0.1444667 0.1720993 -0.1552204
0.1920539 -0.1758313 0.08157986 0.1505815 0.1911318 -0.14816
0.1996652 -0.1547664 0.1068802 0.1186676 0.1619907 -0.1600225
0.1996652 -0.1547664 0.1068802 0.1186676 0.1619907 -0.1600225
0.2082496 -0.1133877 0.1123897 0.164852 0.1756261 -0.1500387
0.1978059 -0.1256787 0.1281439 0.0836041 0.1671294 -0.1656698
0.1978059 -0.1256787 0.1281439 0.0836041 0.1671294 -0.1656698
0.2086062 -0.1273321 0.1172649 0.1062712 0.1500616 -0.2112255
0.2117475 -0.1338449 0.1335038 0.1289449 0.1258903 -0.2096119
0.2117475 -0.1338449 0.1335038 0.1289449 0.1258903 -0.2096119
0.200887 -0.1482924 0.1126334 0.1555578 0.1333623 -0.1849774
0.2122384 -0.1553887 0.1086986 0.1806821 0.1326894 -0.189882
0.2093081 -0.1482064 0.1083317 0.1217588 0.135266 -0.1938363
0.2015607 -0.1453108 0.1259985 0.1488478 0.1403682 -0.1989499
0.2101262 -0.1356011 0.124268 0.1437037 0.1282852 -0.2024715
0.1496518 -0.1651614 0.08324659 0.1249348 0.149963 -0.1877771
0.1562644 -0.1594017 0.08694252 0.163905 0.1416418 -0.1745168
0.1842052 -0.1684763 0.1280896 0.1435985 0.1246585 -0.1824
0.1855368 -0.1784272 0.138207 0.09334724 0.1536285 -0.1402028
0.1931166 -0.1616996 0.1198811 0.06606309 0.1425043 -0.1599877
0.2045662 -0.2055037 0.1606338 0.09097515 0.09833363 -0.1815936
0.2137793 -0.1859291 0.1387038 0.1078827 0.09892397 -0.1869134
0.2137793 -0.1859291 0.1387038 0.1078827 0.09892397 -0.1869134
0.2137793 -0.1859291 0.1387038 0.1078827 0.09892397 -0.1869134
0.2068883 -0.1650017 0.1258811 0.1225944 0.1400548 -0.1548007
0.2016027 -0.1706008 0.1160025 0.07135986 0.1382535 -0.1594358
0.2048472 -0.150714 0.1303445 0.07908387 0.1511681 -0.1410277
0.2216655 -0.2435626 0.1612309 0.07535848 0.1328307 -0.1493096
0.225867 -0.2228073 0.1455743 0.08972137 0.1435776 -0.09329033
0.2327445 -0.2222557 0.1288979 0.1090045 0.1198333 -0.1375201
0.2327445 -0.2222557 0.1288979 0.1090045 0.1198333 -0.1375201
0.2300058 -0.1139122 0.08825473 0.1351606 0.1517246 -0.1065872
0.1604311 -0.1834861 0.09843691 0.1288071 0.1566375 -0.1636283
0.153083 -0.1800461 0.0985899 0.1106159 0.1602924 -0.1825701
0.153083 -0.1800461 0.0985899 0.1106159 0.1602924 -0.1825701
0.153083 -0.1800461 0.0985899 0.1106159 0.1602924 -0.1825701
0.153083 -0.1800461 0.0985899 0.1106159 0.1602924 -0.1825701
0.153083 -0.1800461 0.0985899 0.1106159 0.1602924 -0.1825701
0.1597676 -0.1867524 0.1034422 0.1348666 0.1640152 -0.1545056
0.1597676 -0.1867524 0.1034422 0.1348666 0.1640152 -0.1545056
0.1597676 -0.1867524 0.1034422 0.1348666 0.1640152 -0.1545056
0.1597676 -0.1867524 0.1034422 0.1348666 0.1640152 -0.1545056
0.1746885 -0.1612691 0.1256806 0.0233401 0.1742157 -0.1270688
0.1879727 -0.154007 0.1414669 0.06902837 0.1448525 -0.1561065
0.2015842 -0.1564519 0.09800377 0.0909344 0.1370955 -0.1610512
0.204385 -0.1602966 0.09504586 0.08455618 0.1673513 -0.1636449
0.204385 -0.1602966 0.09504586 0.08455618 0.1673513 -0.1636449
0.1955001 -0.129229 0.08917885 0.1338887 0.174473 -0.1629384
0.1937158 -0.1300684 0.1102592 0.1508504 0.1355616 -0.1646492
0.2120307 -0.1539844 0.1333912 0.1471137 0.1143185 -0.1620901
0.2178671 -0.1532058 0.1504173 0.1275028 0.1180397 -0.1666809
0.2048763 -0.1656488 0.1246537 0.1270704 0.1702425 -0.1378113
0.1712253 -0.243558 0.1081424 0.1221069 0.1734572 -0.1377364
0.1680994 -0.2385045 0.09036711 0.1100333 0.1654842 -0.1480807
0.1787032 -0.2185241 0.09152289 0.1080141 0.1602733 -0.1503409
0.1787032 -0.2185241 0.09152289 0.1080141 0.1602733 -0.1503409
0.1818231 -0.2125134 0.1093294 0.1532892 0.1687027 -0.1384565
0.1888474 -0.2052092 0.1129997 0.1143095 0.174063 -0.1457162
0.1888474 -0.2052092 0.1129997 0.1143095 0.174063 -0.1457162
0.1984114 -0.1654671 0.1332918 0.08431349 0.1599888 -0.1544977
0.2181431 -0.1907218 0.1400652 0.1321788 0.126894 -0.1596273
0.2354436 -0.1914324 0.1541287 0.1502432 0.1630804 -0.1563099
0.1627203 -0.2188269 0.1055709 0.1562802 0.1553708 -0.1632462
0.1646369 -0.2111104 0.08206169 0.1629612 0.1592642 -0.1628732
0.1516134 -0.2040232 0.1186987 0.1480435 0.1910064 -0.1659807
0.1765357 -0.1906357 0.1176904 0.1030648 0.1596946 -0.1610842
0.1811596 -0.1907078 0.1180635 0.1463145 0.1402245 -0.1567937
0.1811596 -0.1907078 0.1180635 0.1463145 0.1402245 -0.1567937
0.2038137 -0.1842989 0.1212973 0.1181386 0.1470982 -0.137618
0.2048685 -0.1864985 0.114662 0.1288813 0.1367543 -0.1698517
0.2072273 -0.1651529 0.1115195 0.1290142 0.1342053 -0.1536938
0.1542438 -0.2402536 0.1378818 0.1172153 0.124041 -0.1690369
0.1612747 -0.2367118 0.1325086 0.1419497 0.1314392 -0.1636467
0.1753822 -0.2265477 0.1293696 0.1976606 0.1327743 -0.1609934
0.1779024 -0.1881753 0.1032969 0.09542206 0.1286459 -0.1767317
0.1955168 -0.1960895 0.1434418 0.09112382 0.1331813 -0.1574326
0.1927745 -0.1807784 0.1407572 0.1157543 0.1544724 -0.1731308
0.2034653 -0.1675793 0.1456808 0.1370726 0.1482832 -0.1730123
0.2409573 -0.1999408 0.1385611 0.1429015 0.1479239 -0.1567117
0.1681098 -0.2656223 0.1492767 0.1460651 0.1321291 -0.1743686
0.1705652 -0.2400482 0.1393791 0.123952 0.1609709 -0.1677221
0.1705652 -0.2400482 0.1393791 0.123952 0.1609709 -0.1677221
0.1712874 -0.1996534 0.1000518 0.10651 0.1437407 -0.1747643
0.2184303 -0.1898945 0.1568853 0.1461508 0.1251488 -0.1708958
0.2124939 -0.1802801 0.148981 0.1770795 0.1227307