-0.00485971 0.2550736 -0.01222668 -0.7648225 -0.05802077 0.3556442
-0.1393125 0.2677967 -0.08287981 -0.9537016 0.02862565 0.3510069
-0.1028305 0.2673863 -0.1067749 -0.6629783 -0.01491379 0.3677214
-0.08778418 0.2358928 -0.117358 -0.7998071 -0.06572063 0.3279275
-0.01729799 0.2854046 -0.07503159 -0.4742189 -0.06309206 0.3335744
-0.1406701 0.2239561 -0.1860942 -0.4893887 0.006075128 0.3512438
-0.1090965 0.1662008 -0.1275511 -0.4940013 -0.05907417 0.3617046
-0.1445322 0.3111086 -0.2347533 -0.3379582 -0.006784011 0.3222975
-0.05491143 0.3341911 -0.1405102 -0.4485927 -0.03212051 0.3660323
-0.1316221 0.1825811 -0.1319073 -0.836401 0.04985101 0.2848976
-0.09215602 0.1630292 0.04609651 -1 -0.03364158 0.3165463
-0.1031497 0.2292621 -0.03528473 -1 0.04062657 0.3008374
-0.1390236 0.247696 -0.02601835 -1 0.04061561 0.247207
-0.1080008 0.2657413 -0.04247025 -1 -0.1026176 0.2208825
-0.08635032 0.2990939 -0.01242341 -0.9021431 -0.1392688 0.2773074
0.0005827469 0.3428901 -0.1280083 -0.2744801 -0.06193272 0.3183008
-0.1020953 0.3226132 -0.1366925 -1 -0.02064196 0.2687885
0.009648607 0.5316502 -0.1736077 -0.2119443 0.014463 0.2626013
-0.02299543 0.6232254 -0.2326369 -0.1945654 -0.02713731 0.2195567
-0.1947929 0.5187055 -0.416022 -0.268012 0.02964407 0.2136808
-0.07354134 0.5093687 -0.2981091 -0.04606461 0.03545661 0.2132341
-0.2001444 0.5268918 -0.4710166 -0.2314263 -0.02337792 0.2322835
-0.02272739 0.4824447 -0.1772392 -0.1972031 -0.04943635 0.2152855
-0.07960734 0.3224823 -0.1748719 -0.5700839 -0.008139094 0.2706209
-0.01022406 0.3938842 -0.1631422 -0.3357686 -0.02882413 0.2524563
-0.1149343 0.1994015 -0.09168582 -0.4747525 -0.005218112 0.2582662
-0.05945032 0.1953612 -0.05757853 -0.4013223 -0.03645997 0.264481
-0.05521045 0.09413514 0.05957165 -0.9139915 -0.0226102 0.2603383
-0.02534397 0.2659253 -0.08064549 -0.6707991 -0.04952134 0.2989423
-0.05271193 0.2100496 -0.09584527 -0.6343572 -0.008210994 0.3083131
-0.05349775 0.2294175 0.009495067 -0.9044464 -0.05805675 0.2584145
-0.03367224 0.238252 0.1911639 -1 -0.07331109 0.2499834
0.03997663 0.240495 0.2902402 -1 -0.09211141 0.2603224
-0.0437313 0.1555783 0.1519003 -1 -0.1189585 0.2502506
-0.02793389 0.2315883 0.2812628 -1 -0.05673749 0.2632053
0.06417277 0.2598587 0.2711689 -1 -0.07847412 0.2629025
0.02427701 0.09294464 0.3139281 -1 0.02073264 0.1923093
0.02802315 -0.04516619 0.3376275 -1 0.02983804 0.1893438
0.08393765 -0.09520745 0.3691353 -1 0.06483625 0.2121299
0.05064299 -0.1413487 0.3836441 -1 -0.01102883 0.170028
-0.01613482 0.1257595 0.1089351 -0.9104016 0.03846604 0.153677
-0.08447824 0.01975691 0.231923 -1 -0.01389358 0.1785208
0.001891905 0.02032014 0.1774322 -1 -0.02423786 0.1739154
-0.04361939 0.0174672 0.162819 -1 0.0515854 0.1706206
-0.08653402 0.1142679 -0.008531125 -0.780751 0.0558418 0.1723892
0.06350579 0.07604311 0.1977678 -0.9805466 -0.02170279 0.2365635
-0.05970912 -0.006334539 0.2694555 -1 -0.01827329 0.1258152
-0.07828119 -0.03294213 0.2846978 -1 0.03284841 0.1757699
-0.06578436 0.05814807 0.1981077 -1 0.02837684 0.2462443
-0.06305371 0.0233603 0.2751627 -1 0.1060311 0.2068549
-0.02284617 0.01978838 0.1731445 -1 0.0009661152 0.1708321
-0.1058019 0.1111398 -0.03537555 -1 0.04364696 0.2177882
-0.07692076 0.159021 -0.008397847 -1 -0.1072465 0.2248789
-0.1098733 0.2442869 -0.05171613 -1 -0.1170105 0.2311402
-0.04823693 0.2061761 0.07081554 -1 -0.03055491 0.2342587
0.05409351 0.2281397 0.1850485 -1 0.05463373 0.2597021
-0.09383959 0.2594659 -0.0225118 -1 0.0286309 0.1740595
0.009107504 0.305584 -0.004069746 -0.7569927 -0.01890391 0.2407996
0.08395445 0.1854963 0.2418524 -0.912107 -0.08497004 0.1784356
-0.06506294 0.1107013 0.0837505 -1 0.1310025 0.2124527
0.02034917 0.1715433 0.174309 -0.9693953 0.01608308 0.2468184
-0.015565 0.01644216 0.2844846 -1 0.06436528 0.2456823
-0.003990844 0.1700141 0.3525138 -1 -0.04715762 0.2642893
-0.08389422 0.0448179 0.3187076 -1 -0.06630494 0.2625375
-0.02317833 0.04382265 0.3408371 -1 -0.05909859 0.2228971
0.08351716 0.1312653 0.4630043 -1 -0.0468493 0.1159475
0.0608393 0.2261073 0.4409306 -1 -0.06390306 0.2320926
0.02036574 0.2213175 0.3259469 -1 -0.01969018 0.1905393
0.05818516 0.01428308 0.4831648 -1 0.0323888 0.1984837
-0.005265381 0.1358073 0.4525466 -1 0.1066407 0.210935
0.01721006 0.1814016 0.2579335 -1 0.1164657 0.2294191
0.01403903 0.07722414 0.2190399 -1 0.09465607 0.2531598
0.01662577 0.01844028 0.2775261 -1 -0.07396879 0.3059618
-0.02204072 -0.03741739 0.2505922 -1 -0.09115855 0.3102548
0.07330488 0.08020759 0.341018 -1 -0.06038859 0.2230244
-0.05054334 0.07228544 0.1589487 -1 0.106122 0.2655482
0.00844354 0.06761297 0.2788957 -1 0.1612033 0.2583988
-0.01979914 0.1060642 0.2235574 -1 0.1145808 0.1591457
0.03643498 0.04458415 0.3577429 -1 -0.01950613 0.2507825
-0.09405475 0.1532407 0.1727916 -1 -0.1081015 0.2401449
-0.09865234 0.2136032 0.06284838 -1 -0.05319902 0.25055
0.01164533 0.254609 0.1211386 -1 -0.0575697 0.2326193
-0.01773132 0.2119319 0.1315219 -1 0.04386214 0.3164161
-0.08181409 0.1717612 0.1272312 -1 0.04378708 0.2774993
-0.04400584 0.1932729 0.03549582 -1 -0.05138345 0.2104888
-0.04594434 0.2733252 0.07681055 -1 -0.0707182 0.212105
-0.1020265 0.3110504 0.08963363 -1 0.02604176 0.2652996
-0.03667493 0.1917915 0.2051572 -1 0.09210094 0.2744691
-0.0458003 0.1240188 0.1802629 -1 0.06602812 0.2565071
-0.06046596 0.07159252 0.213446 -1 0.1226772 0.3150744
0.002263261 0.241704 0.1234426 -0.9688677 0.01347382 0.2119962
0.05178697 0.1990211 0.1440579 -0.9323466 -0.02928064 0.2172508
-0.03421943 0.1308701 0.170903 -1 -0.02180537 0.2864944
-0.03144108 0.1292349 -0.09098273 -0.5128483 0.09361827 0.4029464
-0.04932063 0.3402327 -0.1774173 -0.2909551 -0.04791998 0.3289984
-0.01936449 0.2950352 -0.1890246 -0.1738269 0.02033313 0.3377193
-0.05032034 0.3071099 -0.262219 -0.2177989 -0.005135117 0.3001779
-0.08324783 0.3662104 -0.2985903 -0.2758593 -0.07799079 0.2820016
-0.05070605 0.3643665 -0.2713166 -0.3568102 0.01511702 0.3429318
-0.03289616 0.4260015 -0.114678 -0.6020744 -0.09249658 0.3231758
-0.03800965 0.4487001 -0.1334383 -0.6019897 -0.08370782 0.2674388
-0.1040962 0.3219385 0.09757193 -1 0.04970749 0.09714974
-0.07275618 0.1048894 0.2428552 -1 -0.05783053 0.2487334
-0.02563169 0.02770869 0.2397142 -1 -0.0260767 0.2886801
-0.04959799 0.07944416 0.2270519 -1 -0.04899038 0.2727444
-0.09792895 0.1782107 0.1073238 -1 0.03763329 0.2690995
-0.02683762 0.2518364 0.08663426 -0.976205 0.06636432 0.2997459
-0.04101353 0.3136063 -0.05103702 -0.5697878 0.02866047 0.2947974
0.04601561 0.3842468 0.07563891 -0.7389743 0.1094161 0.3792779
-0.06178622 0.3426803 0.05412621 -1 0.01478832 0.2747442
-0.04135522 0.2975733 -0.08173503 -0.7511876 0.001907997 0.2469071
-0.09119958 0.1400935 0.004326737 -0.9500969 0.05523249 0.2632839
-0.03019882 0.07757822 0.1704849 -1 -0.0292716 0.2644455
-0.02783284 0.005982085 0.1848953 -1 -0.03881623 0.2984821
-0.05771462 0.1548026 0.09831336 -1 -0.003157602 0.276045
-0.1198262 0.06602351 0.1131115 -1 0.04126206 0.3389548
-0.08154625 0.149337 -0.01283004 -0.9015375 0.01741471 0.2980604
-0.1025224 0.2972564 -0.04035249 -0.8033737 -0.05281934 0.2419804
-0.09994418 0.4471833 -0.1615326 -0.5951883 0.05675938 0.2287619
-0.1889783 0.4814675 -0.1860091 -1 0.103486 0.166905
-0.04106484 0.4186129 -0.005415077 -0.9097806 0.1482348 0.1277237
-0.05089709 0.102827 0.3142432 -1 0.09341344 0.1267746
-0.0836406 0.1551243 0.2428898 -1 0.1089603 0.1146497
-0.1173291 0.190856 0.01447593 -1 0.1213718 0.1315452
-0.06403745 0.1683403 0.08325643 -1 0.07993282 0.1670631
-0.0863009 0.2085363 0.06473605 -1 -0.01298345 0.1288589
-0.01941716 0.1179299 0.1921571 -1 -0.01884397 0.2234981
-0.05671452 0.3075284 -0.08717702 -0.3946705 0.0710858 0.1810303
-0.01125022 0.07270725 0.1496112 -0.7995593 -0.09772664 0.2216732
-0.008889994 0.04637928 0.1821339 -0.8700288 -0.03606177 0.2968724
-0.01961014 0.0337002 0.1527477 -0.9148421 -0.05794963 0.2418946
0.1253039 -0.06172748 0.4281113 -1 -0.1499185 0.2720048
0.1157403 -0.05098261 0.4641217 -1 0.009615089 0.3219744
-0.02459222 -0.04779039 0.4298795 -1 0.1104372 0.3290168
-0.0327416 -0.04182752 0.3984115 -1 0.1194407 0.2895512
-0.03627333 -0.05456132 0.3515399 -1 -0.0784867 0.2062666
-0.08227827 0.04482261 0.2308208 -1 -0.02545138 0.1545928
-0.09737542 0.1387212 0.04794337 -1 0.01309382 0.2042311
0.02332347 0.1424665 0.1534193 -1 -0.07290178 0.2161908
-0.02797712 0.03369677 0.2445619 -1 -0.06021135 0.2347626
-0.05193157 -0.0210561 0.3848884 -1 -0.05724951 0.1647142
0.02022314 -0.03069955 0.4664761 -1 -0.1170599 0.1230872
-0.01207297 -0.01669205 0.3906267 -1 0.0281048 0.04622554
-0.009698099 -0.01428996 0.4050576 -1 0.1310702 0.1630092
-0.02445694 -0.0335353 0.319253 -1 0.09826695 0.1605061
-0.01546566 0.02185895 0.2285099 -1 0.06030505 0.2940365
-0.1037369 0.02943807 0.1818779 -1 -0.08870734 0.2550769
-0.08654588 0.09626215 0.1279064 -1 -0.06703024 0.3176657
-0.06036759 0.1104561 0.03877335 -1 -0.1127589 0.3750402
-0.1338168 0.2053448 -0.05199671 -1 0.03365681 0.3481996
-0.1238396 0.1862881 0.003137205 -1 0.04091147 0.3524034
-0.1048414 0.233744 0.04183359 -1 0.09220343 0.4042522
-0.1114704 0.2346667 -0.02262697 -1 0.06937736 0.3682814
-0.1344168 0.2402165 0.009675127 -1 -0.1407677 0.3277718
-0.1319404 0.1776489 0.01384086 -1 0.01309371 0.395471
-0.1019572 0.1657665 0.01718825 -1 -0.05091037 0.3374371
-0.08622649 0.09668138 0.1121127 -1 0.02606861 0.3495734
-0.09187559 0.05782435 0.1747756 -1 -0.229724 0.2975734
-0.110204 0.1790177 0.05435283 -1 -0.04886372 0.3700655
-0.1399988 0.1937131 0.09819561 -1 -0.07951104 0.2696361
-0.1457943 0.240865 0.05823004 -1 -0.01517165 0.24637
-0.1381126 0.2637938 -0.04681976 -1 -0.02275204 0.2819681
-0.1653593 0.3680668 -0.1265329 -0.914719 -0.09940988 0.235411
-0.07911432 0.1711548 0.04292868 -0.9958661 -0.03944034 0.3503292
-0.1180709 0.226756 0.00543068 -1 -0.1215413 0.2944983
-0.1117118 0.1989516 0.1129303 -1 -0.1408824 0.3015689
-0.1026868 0.2729516 -0.009896886 -1 -0.1594275 0.2930213
-0.1507063 0.2837788 -0.07745195 -1 -0.09999133 0.3087872
-0.1449699 0.3379936 -0.03168296 -1 -0.05648777 0.1970572
-0.1353111 0.321320