-0.04709697 0.2207334 -0.1891829 -0.07903323 0.01585335 0.2549525
-0.008287472 0.253593 -0.0818074 -0.1986853 -0.04106617 0.2536594
0.05711374 0.1370734 0.08516739 -0.4439378 -0.002684835 0.31102
-0.03218946 0.08778881 -0.02757619 -0.4769174 0.08648208 0.2779594
-0.01603743 0.1369906 -0.02556566 -0.4440034 -0.01322601 0.2276419
-0.03528058 0.2827159 -0.1342341 -0.09632751 0.0484709 0.1716289
0.001028344 0.2647917 -0.1916351 -0.07567667 0.03475672 0.2363117
-0.03957236 0.3403205 -0.1456924 -0.1276764 0.02526455 0.2113276
-0.008445513 0.3102315 -0.303787 0.01503361 -0.03374188 0.1959492
-0.01160061 0.215856 -0.1224736 -0.3051517 -0.003143556 0.2170497
-0.0123655 0.2024129 -0.06084076 -0.2999566 -0.04342873 0.2987669
-0.01448559 0.1052945 -0.05917865 -0.5559748 0.1602851 0.2845675
-0.01578923 0.1961347 -0.05926697 -0.4188268 0.1349708 0.2833141
-0.002718907 0.2406783 -0.07808892 -0.398705 0.09751441 0.2532391
0.01179192 0.307072 -0.02660627 -0.4264694 -0.01091806 0.1863342
-0.04192435 0.2047898 -0.001206191 -0.7436236 -0.08894497 0.157133
0.03318003 0.01098899 0.1218059 -0.6913874 0.1572645 0.2079362
-0.001841147 0.4437705 -0.1388163 -0.2619159 0.002788957 0.162884
-0.06132605 0.2434145 -0.06871257 -0.454538 0.1001413 0.1504404
-0.06580872 0.4018579 -0.1007051 -0.5368066 0.2653574 0.06558252
-0.06002447 0.2634116 0.006222444 -0.8711663 0.02809439 0.07969892
-0.02812224 0.6627142 -0.3057781 -0.03684366 0.1241907 0.099659
-0.06947825 0.2542896 0.003322965 -0.825269 0.08157233 0.1368862
0.01074712 0.3497117 -0.03881542 -0.4703116 0.02814814 0.1487847
-0.07699024 0.2310162 -0.07196568 -0.4463724 0.08924541 0.0971901
-0.05087676 0.3689224 -0.09324092 -0.4607976 0.1786135 0.1078102
0.04236612 0.07702636 0.1321163 -0.5570021 0.1582912 0.1314913
-0.0008383805 0.3059416 -0.2575103 0.1078084 0.1815336 0.1049807
0.04282401 0.2554869 -0.04349363 -0.1149075 0.07835623 0.2649677
-0.01171795 0.07542361 0.01452102 -0.6001624 0.08032878 0.2025066
0.04066239 0.1223422 0.0559857 -0.3934543 0.08002906 0.2159632
0.0491177 0.1630076 0.01485222 -0.4220032 -0.08551048 0.1388219
0.07406189 0.1716872 0.0319888 -0.3331614 -0.05884393 0.2077401
0.05537137 0.1094672 0.1045413 -0.6139708 -0.02923988 0.2423922
0.07358989 0.3392504 -0.02529884 -0.4690899 -0.04038711 0.1505711
0.1073685 0.1619325 0.1450559 -0.4711416 -0.04272252 0.1587441
0.1470863 0.1907256 0.2622522 -0.7107527 -0.09368137 0.1392486
0.08213798 0.1609346 0.275177 -0.8488348 -0.1051837 0.1878273
0.09936837 0.1310068 0.3784266 -0.8907281 -0.01440926 0.1332709
0.05829866 -0.03545701 0.4096524 -1 0.09828881 0.1441063
0.04166995 -0.1255364 0.4449766 -1 0.1273501 0.1398945
0.05714703 -0.2007931 0.3830952 -1 -0.1049176 0.1988273
0.015136 -0.08711876 0.3746113 -1 -0.1081981 0.1839724
-0.01052395 -0.04590264 0.3060239 -1 0.1083781 0.2575597
-0.009132596 0.01030306 0.2516747 -1 0.1672163 0.2359412
-0.02465564 0.1342982 0.2208681 -1 0.2181401 0.1715089
-0.03132001 0.2004622 0.1582849 -1 0.2230141 0.1350863
-0.01021466 0.1577295 0.1393394 -1 0.2877744 0.2485264
0.004182675 0.09969563 0.1666841 -0.9735885 0.1136616 0.2575718
-0.02249178 0.1403761 0.1257059 -1 0.05855042 0.1647345
-0.02523958 0.13826 0.0638829 -0.9395789 0.07195184 0.1917388
-0.06054937 0.2614577 -0.04068409 -0.9078367 0.1948715 0.1823817
0.008099587 0.1944978 0.01650565 -0.665167 0.1162147 0.1832068
0.0260804 0.1950126 -0.04747949 -0.3338063 0.2434067 0.2262989
0.01942903 0.3343664 -0.06445331 -0.3876794 0.01965574 0.218693
-0.05432039 0.3223485 -0.1054463 -0.4926456 -0.02898767 0.1551254
-0.04444458 0.343508 -0.1364833 -0.5063906 -0.02169057 0.1195903
-0.04973862 0.3315255 -0.1836511 -0.4226327 0.02372091 0.1493555
-0.005823717 0.2015824 -0.03703844 -0.584192 -0.08554629 0.2222415
-0.04014498 0.2631946 -0.1508739 -0.429247 -0.04507369 0.1816335
0.01698074 0.3951785 -0.2052177 -0.2368806 0.03346764 0.1765856
-0.02343685 0.2904474 -0.1498153 -0.1891307 -0.01554342 0.1499527
0.01038008 0.2853466 -0.1433865 -0.1248038 -0.0141854 0.09552799
0.05816534 0.1625362 0.02400592 -0.2181747 0.1533437 0.2282928
0.0007749479 0.03134831 0.0701073 -0.5618355 0.2922161 0.3084899
0.04531948 0.01040281 0.03554861 -0.3444008 0.2800898 0.3390141
0.05758286 0.08103234 -0.0001882045 -0.1848277 0.2581375 0.2919465
0.08715808 0.2346643 -0.04066778 -0.1441567 0.01631521 0.2199897
0.04365244 0.08240336 -0.06508564 -0.09379169 0.1682454 0.3431551
0.009751412 0.1403133 -0.1161446 -0.2799793 0.0879067 0.2808641
0.09620795 0.1842399 0.008300914 -0.2745011 0.154062 0.2678933
0.09137702 0.269972 -0.1093928 0.06086612 0.2148749 0.2433926
0.01524882 -0.001714691 -0.02828442 -0.3552935 0.1503821 0.270727
0.03314413 0.05286479 -0.02448114 -0.3212144 0.007998113 0.2247776
0.0299398 0.08947217 -0.08331614 -0.2286206 0.04022131 0.2564142
-0.03503577 0.535785 -0.3459422 0.07346769 0.2672635 0.1468058
0.03051455 0.3774466 -0.2162976 0.08578196 0.3006785 0.243128
0.01874154 -0.01313358 0.008239072 -0.2200246 0.1770143 0.1113856
0.05455355 -0.09135974 0.1237417 -0.3276722 0.132607 0.1410402
0.0292495 -0.01591035 -0.01493876 -0.2357667 0.1159504 0.0893957
0.02447042 0.03625214 -0.0996139 -0.1287562 0.2634705 0.1410487
0.007735817 0.1130127 -0.1964112 -0.06349306 0.3484608 0.127331
0.03790142 0.08961314 -0.1443387 0.01343211 0.3079239 0.1300161
0.06830388 0.06717656 -0.08796509 -0.01896827 0.3024958 0.1783005
0.1026133 0.03382341 -0.00719984 -0.02598306 0.310274 0.2010773
0.06583708 0.1753048 -0.1273726 -0.06287847 0.3661531 0.1349223
0.0823465 0.1603144 -0.1177818 0.05769245 0.333577 0.1511534
0.08660948 0.09436727 -0.04253422 -0.1044218 0.3408333 0.1591101
0.06784566 0.0848492 -0.08821365 -0.108458 0.2616092 0.1409939
0.17576 -0.1784424 0.05435011 0.05360427 0.1087379 0.2988291
0.1535514 -0.1744652 -0.005420472 0.07933134 0.2257006 0.2898301
0.1311845 -0.1264299 -0.007118957 -0.04667643 0.2325461 0.2715945
0.1453565 -0.09842526 0.02830327 0.002262769 0.1670963 0.2165044
0.1362969 -0.08143333 0.01189937 -0.03958519 0.1518498 0.2053777
0.1113081 -0.0692229 -0.0006838599 -0.06714293 0.179147 0.2056139
0.1061318 0.0002895854 -0.09788615 0.09208371 0.357513 0.2345136
0.09304032 0.01769802 -0.073 0.05773754 0.3276878 0.2249773
0.0765051 -0.007167661 -0.0808178 -0.0127978 0.3682027 0.242009
-0.006797974 0.1103103 -0.2256018 -0.03567328 0.4038999 0.2119536
-0.01775485 0.1638484 -0.2224277 -0.2065665 0.3826193 0.1704313
0.03386882 0.09404209 -0.1695007 -0.005691078 0.1838704 0.1580059
0.01699715 0.1153858 -0.2955199 0.0005301414 0.2076184 0.1865753
0.06413903 0.205744 -0.1393185 0.009081082 0.3069806 0.1351363
0.01848374 0.2019016 -0.167467 -0.07886589 0.2729916 0.0689391
0.001996169 0.1877351 -0.1316745 -0.1912989 0.2724755 0.1136781
0.1249325 -0.1621496 0.1209401 -0.09681308 0.3044809 0.1608952
0.1234376 -0.1478912 0.0214225 0.02009479 0.3745715 0.2470141
0.1043711 -0.1019304 0.07219695 -0.09006856 0.1579621 0.1632718
0.1334758 -0.07326715 0.02085493 0.08139358 0.2354415 0.1665166
0.09836847 -0.03955229 0.001075039 0.07367502 0.2283839 0.1512192
0.07417589 0.08489496 -0.03879249 -0.07965205 0.1695358 0.1475693
0.08523033 0.002529284 0.07916284 -0.1509111 0.161131 0.1206129
0.09068423 -0.03646962 -0.04998327 0.03544191 0.1818594 0.1276558
0.04909331 -0.05211507 0.05313748 -0.1694618 0.2767121 0.136921
0.1230081 -0.1886208 0.02924035 0.1224759 0.1778543 0.1993158
0.06393984 -0.03398592 -0.1121042 0.01369301 0.2123959 0.0525085
0.03732867 -0.02269349 -0.02168604 -0.1304343 0.1885335 0.03460468
0.08998284 -0.1322186 0.08543864 -0.2127443 0.2427934 0.09436153
0.1043099 -0.190314 0.1268705 -0.183948 0.2119537 0.1125551
0.1267663 -0.1468536 -0.08375731 0.2657141 0.1758125 0.08582966
0.0783161 -0.03896625 -0.1248532 0.1648515 0.2084453 0.05403447
0.1057005 -0.1617426 0.03775169 0.01338509 0.1361908 0.1808568
0.1493716 -0.2584956 0.1502467 -0.02401091 0.2354037 0.2282101
0.1615813 -0.2632505 0.1338995 0.03256062 0.1381306 0.1744019
0.1401308 -0.2154787 0.04698513 0.09756915 0.1547312 0.1793189
0.1402617 -0.1983264 0.05723707 -0.02728109 0.1614709 0.2448504
0.1208801 -0.2258554 0.1460184 -0.1147338 0.2613797 0.2100865
0.1607193 -0.2473201 0.129334 0.04695925 0.2817632 0.2451794
0.1539228 -0.225073 0.069011 0.009645083 0.1844371 0.2301813
0.1413447 -0.1665394 0.03614226 0.08642194 0.172307 0.2337174
0.1489106 -0.178544 -0.001146348 0.138061 0.2687191 0.2710694
0.1262991 -0.1591865 -0.01543891 0.002200743 0.2518074 0.2198852
0.1337886 -0.1746109 0.0105457 0.06214274 0.3152737 0.239375
0.1483595 -0.2464359 0.1657344 -0.04908698 -0.00339528 0.1763012
0.1466025 -0.249071 0.1863568 -0.0988581 -0.0655129 0.1270469
0.08857674 -0.1098182 0.05026308 0.02194635 0.04240554 0.1602944
0.1167457 -0.1171901 0.01419593 0.02242835 0.1972225 0.244933
0.1192691 -0.1949131 0.04432491 -0.07205915 0.2429299 0.2765728
0.1212532 -0.1815516 0.1203974 0.04607454 0.2541147 0.2804847
0.1586433 -0.1624148 0.1421179 0.001083734 0.05975147 0.2096008
0.1167513 -0.1769992 0.1736031 -0.1355178 0.08406204 0.2604986
0.1158537 -0.1812499 0.1554139 -0.1027947 0.04862529 0.3140827
0.09161925 -0.160278 0.1015769 -0.