0.306303 -0.4083894 0.1814832 0.25288 0.03354016 0.0949673
0.2772493 -0.3735945 0.209671 0.2524315 0.04924502 0.08731011
0.2141443 -0.4379204 0.2233966 -0.07210459 0.1688052 0.08747082
0.2482331 -0.404718 0.122713 0.2037496 0.2183221 0.1060866
0.2790782 -0.4325664 0.202954 0.2496797 0.1642725 0.1312264
0.2145163 -0.3071986 0.0340463 0.1295321 0.286938 0.1280616
0.2081166 -0.27411 0.07735118 0.1045762 0.2465072 0.1557681
0.2288035 -0.3054023 0.07337466 0.2578506 0.07898979 0.1279018
0.1992514 -0.1695408 -0.003769075 0.156782 0.09630616 0.04938849
0.2479991 -0.2624682 0.08837375 0.198367 0.03675228 0.08917517
0.2297858 -0.3067673 0.1291108 0.07616888 0.1823571 0.1495954
0.2329209 -0.2342557 0.09693538 0.1695552 0.08727851 0.1411559
0.258388 -0.3222402 0.1490648 0.1600752 0.0353202 0.1825144
0.3491207 -0.3682615 0.3916964 -0.06933215 -0.0436039 0.1583963
0.2073655 -0.4360505 0.365765 -0.374309 0.124479 0.1536524
0.197053 -0.4546349 0.3459058 -0.4094159 0.1211569 0.1392443
0.2085296 -0.3908299 0.2870786 -0.2225557 0.1459557 0.1046726
0.2144161 -0.3133063 0.3174907 -0.2829998 0.1106709 0.09310868
0.2422526 -0.1882203 0.04625158 0.1719549 0.1498494 0.1635121
0.2444074 -0.2170041 0.07891762 0.2521457 0.1772325 0.1697278
0.2032385 -0.5509477 0.3934122 -0.3864667 0.1270639 0.1636996
0.2576575 -0.5141381 0.4896102 -0.3142504 0.0668385 0.1259867
0.2343986 -0.4836864 0.3923262 -0.2676031 0.0642276 0.1271438
0.258313 -0.4279167 0.2061295 0.09036548 0.169786 0.2328654
0.2491207 -0.359558 0.07176015 0.2717809 0.09918828 0.1748968
0.2104475 -0.1744137 0.08076435 0.1105982 0.1390788 0.1694954
0.2682379 -0.1971647 0.05619723 0.3227685 0.2045648 0.2716062
0.1886847 -0.2762145 0.01536406 0.1682468 0.1317415 0.1905471
0.2118349 -0.2581229 0.0240268 0.2167533 0.139835 0.1961854
0.1918874 -0.197168 -0.05637801 0.2472952 0.1246436 0.09143829
0.1899674 -0.1938418 0.01889575 0.07540284 0.1539499 0.1868857
0.3279251 -0.2644329 0.2250249 0.108561 0.1616951 0.1924801
0.2037281 -0.3662271 0.1909576 0.03375791 0.1725228 0.2270125
0.2240428 -0.3123516 0.1168866 0.1137143 0.07022519 0.1852697
0.2416872 -0.2298546 0.02697703 0.260265 0.02989863 0.1697381
0.1372177 -0.32924 0.2784184 -0.4721512 0.1322908 0.1252959
0.1933073 -0.3138393 0.2441606 -0.2679062 0.1139058 0.158643
0.1299067 -0.2917249 0.2511502 -0.3013479 0.06459572 0.0823469
0.1530659 -0.1924234 0.1330763 0.0008527227 0.1055511 0.06545906
0.1923895 -0.1913885 0.04654458 0.09987938 0.147169 0.09181926
0.2955061 -0.2219489 0.3466678 0.1061584 0.1224161 0.09447691
0.1375324 -0.2071212 -0.0512996 0.1389698 0.1468047 0.05866349
0.1803495 -0.2605934 0.04302112 0.1887569 0.1849167 0.105463
0.2885272 -0.2469496 0.2572525 0.2377806 0.1548027 0.05292946
0.1725555 -0.4886826 0.1516 0.1802115 0.1091806 0.1121115
0.2112079 -0.3255717 0.1900906 0.05022606 0.09304214 0.1758168
0.2912052 -0.1712379 0.08395314 0.2134606 0.1740243 0.161459
0.07383397 -0.05043444 0.242999 -0.5703483 0.1370068 0.08589387
0.1417319 -0.2254209 0.3657926 -0.6756349 0.131347 0.1185188
0.1716837 -0.1860692 0.3762185 -0.408261 0.1316374 0.2110824
0.2115943 -0.3609992 0.3898481 -0.4585166 0.04374835 0.1297988
0.2128441 -0.4917022 0.4424417 -0.4045944 0.01556393 0.1041515
0.2575358 -0.4330567 0.2181599 0.1927651 -0.07308268 0.11626
0.2016116 -0.583156 0.449082 -0.2611343 -0.02206662 0.1136607
0.1985421 -0.4564318 0.419085 -0.5136398 0.07980032 0.11496
0.2731301 -0.348608 0.1655321 0.2407789 -0.005138166 0.2263886
0.1936782 -0.538138 0.4030312 -0.223322 -0.001484314 0.08925933
0.1887853 -0.4815992 0.4121693 -0.5589359 0.02515763 0.1973857
0.3370534 -0.5202833 0.615645 -0.4179023 0.06452939 0.2202083
0.1880362 -0.5515563 0.4233094 -0.5179561 0.0902174 0.1604412
0.22733 -0.5365895 0.4345672 -0.3940224 0.07771675 0.170854
0.2977688 -0.4033588 0.4773901 -0.3799987 0.0988647 0.08856192
0.198096 -0.490611 0.4628221 -0.5039896 0.09388477 0.159121
0.314333 -0.5793201 0.5743567 -0.4078164 0.07404436 0.1378662
0.1701817 -0.4610603 0.4775898 -0.6239551 0.02786605 0.1187771
0.1542678 -0.3047329 0.3114285 -0.3921169 0.07045767 0.1109444
0.2428443 -0.1935863 0.3268546 -0.3464113 0.07509596 0.09511574
0.1657819 -0.3952911 0.3180972 -0.3878586 0.03201244 0.1565991
0.3533618 -0.3064452 0.4555773 -0.1085366 0.1483915 0.2090329
0.1584489 -0.3472059 0.3655353 -0.5017496 0.1773735 0.1798902
0.2665492 -0.1737501 0.3467821 -0.2011556 0.1030263 0.09232946
0.1495783 -0.2993487 0.3389214 -0.5170211 0.04617275 0.08556119
0.3074374 -0.2158022 0.40352 -0.1874817 0.0626011 0.09030974
0.3218907 -0.1611155 0.2783226 -0.09501482 0.1368071 0.1382295
0.1402168 -0.3332552 0.1902286 -0.02042426 0.03093448 0.1285082
0.2797917 -0.2371456 0.1928381 0.06914909 0.1174529 0.08698148
0.2901461 -0.3457814 0.358244 0.06268817 0.1063035 0.1669194
0.2089624 -0.3682413 0.2396848 -0.002934613 0.08675744 0.1358004
0.2985348 -0.2528611 0.2347506 0.1220273 0.0914055 0.18627
0.2861726 -0.276109 0.1624321 0.190101 0.06156546 0.1336227
0.2692487 -0.1942493 0.03340766 0.2154429 0.09548474 0.1713584
0.2806691 -0.2132014 0.05880739 0.2522196 0.06369969 0.1536188
0.2015411 -0.4988378 0.4736748 -0.4725435 -0.06583259 0.1716504
0.2793303 -0.4678123 0.3993236 -0.1165417 0.05478199 0.18649
0.2385655 -0.2745127 0.1246001 0.03323053 0.06970005 0.1675009
0.2183131 -0.4912391 0.4042211 -0.3422952 0.04828958 0.2442769
0.2728194 -0.4682743 0.3863633 0.01295089 -0.07627167 0.2078484
0.2221444 -0.5342273 0.4360637 -0.361599 0.000683821 0.1448239
0.2642099 -0.3655089 0.3358925 -0.1299723 0.03895414 0.185886
0.159499 -0.3526089 0.423825 -0.6777207 -0.01211606 0.1780531
0.258469 -0.5254185 0.4592899 -0.2544926 -0.05006099 0.2111659
0.2048262 -0.3772363 0.3586665 -0.3375803 -0.05090056 0.1513055
0.2248709 -0.2997976 0.277319 0.1707622 -0.006073693 0.1184382
0.1888778 -0.4553599 0.4935223 -0.4661652 -0.01744568 0.1705557
0.2147007 -0.4487815 0.4599243 -0.3867065 -0.001107838 0.1506645
0.3307664 -0.4556681 0.4424616 -0.2412338 0.02141687 0.1103356
0.2569647 -0.6481509 0.5461783 -0.4909568 0.02688613 0.183423
0.3161142 -0.5478932 0.3949716 -0.002327643 -0.05085073 0.1810588
0.2288995 -0.603853 0.4031201 -0.2927594 0.08995587 0.07203116
0.3168801 -0.4424819 0.4905221 -0.3078252 -0.09342912 0.166668
0.1917352 -0.3379399 0.1861281 -0.2162265 0.02743398 0.03327718
0.2492025 -0.2384478 0.1690799 0.04942859 0.07126697 0.1035926
0.2732443 -0.2385483 0.1982371 0.141269 0.1150087 0.1843911
0.2018843 -0.3551217 0.364999 -0.3453255 0.07579529 0.07781446
0.2431567 -0.3643453 0.466216 -0.4642498 0.06094986 0.1093463
0.1939254 -0.5501159 0.4911858 -0.4284253 0.2634439 0.1462819
0.2320223 -0.5178943 0.5363388 -0.5621227 0.2851084 0.1529599
0.3371337 -0.492161 0.5838724 -0.3593215 0.2117452 0.0985205
0.1823393 -0.6007503 0.5086499 -0.6661414 0.3519195 0.1269217
0.271178 -0.5136224 0.4801477 -0.3885121 0.2153585 0.129211
0.1725689 -0.4884212 0.4484342 -0.5160264 0.02370161 0.06370081
0.1847228 -0.4924896 0.3934691 -0.3793201 0.142473 0.1112299
0.30511 -0.3116621 0.3912992 -0.1839542 0.3177604 0.1351708
0.2164979 -0.5826012 0.7047421 -0.8853098 -0.05971249 0.1653772
0.2940741 -0.5563719 0.5606481 -0.3784347 -0.01597974 0.1077477
0.2440769 -0.4769292 0.4520337 -0.322314 0.08711408 0.1224024
0.2094207 -0.5449136 0.5431874 -0.7544053 0.08005705 0.1288304
0.2512333 -0.5561996 0.5232924 -0.4092661 0.1641888 0.159712
0.2546227 -0.5949898 0.4679205 -0.3838539 0.0650036 0.1223209
0.2561458 -0.5514335 0.5320494 -0.4248656 0.3160929 0.1874166
0.2738154 -0.5814834 0.5596624 -0.4443673 0.3524532 0.2436243
0.273988 -0.6565543 0.51306 -0.3545009 0.3353247 0.2195622
0.2842757 -0.6284826 0.4680397 -0.2420909 0.3253906 0.2773118
0.2594308 -0.4618581 0.2371335 0.1658441 0.341943 0.2519965
0.2538228 -0.4563556 0.1766756 0.1047847 0.05402605 0.1799033
0.285304 -0.2159067 0.1666885 0.2590246 -0.09116583 0.08699457
0.217148 -0.3619977 0.1830648 -0.07362892 0.09938727 0.149449
0.2731762 -0.330901 0.2360566 0.1188782 0.01401342 0.1277772
0.2733665 -0.2919314 0.2431976 0.1933415 -0.07096922 0.08879931
0.2562689 -0.2857953 0.2389255 0.07264879 -0.02368726 0.1048734
0.2128969 -0.3276305 0.2445035 -0.1690872 0.0737287 0.06676083
0.1849801 -0.3920901 0.2676716 -0.1563823 0.2074176 0.101422
0.1996036 -0.453373 0.3199905 -0.1224281 0.2991259 0.1645791
0.2321973 -0.292412 0.1691856 0.09876546 0.3101206 0.1341444
0.2771205 -0.292923 0.09658425 0.2783367 -0.0464999 0.05391064
0.1696386 -0.3167323 0.1191214 0.02916251 0.05541882 0.03636159
0.2278946 -0.2944071 0.05652408 0.207404 -0.07024822 0.02968594
0.2442165 -0.3162954 0.04946791 0.2704713 0.0775031 0.03576172
0.2792621 -0.3175956 0.1000342 0.3317704 -0.01478396 0.1436618
0.2834448 -0.3161933 0.1563116 0.2281001 -0.0350656 0.1428345
0.3004292 -0.3007326 0.1231684 0.3261746 0.1158779 0.1371931
0.2892668 -0.3096634 0.1483508 0.2699325 0.04239184 0.1438229
0.2636046 -0.2900693 0.1979284 0.03648628 0.10886 0.1457968
0.1350785 -0.2555837 0.4238852 -0.8916888 -0.003562072 0.1068663
0.2500044 -0.4338624 0.6069801 -0.7997043 0.03505638 0.09004025
0.2463151 -0.3967954 0.522828 -0.5879444 0.003046795 0.05701895
0.348848 -0.3384524 0.2709592 0.1797448 0.02726442 0.194784
0.3177792 -0.3275402 0.3099378 0.2502517 -0.02869118 0.1204087
0.2561166 -0.2425304 0.3536676 -0.08457738 0.01469714 0.09315115
0.2410482 -0.08009017 0.1658171 0.1574538 -0.0004974441 0.1156949
0.2649567 -0.1507709 0.2633103 0.001875282 0.05166905 0.05459916
0.2082199 -0.2869997 0.2891646 -0.2921463 0.07536792 0.07076315
0.2951485 -0.2716323 0.288411 0.06057956 -0.02057138 0.09670597
0.1885342 -0.3227304 0.4205473 -0.6297861 0.03579169 -0.01737831
0.3273151 -0.4439765 0.6018144 -0.5785201 -0.08637448 0.03166897
0.2691184 -0.7788445 0.8583807 -1 -0.004799744 0.169866
0.4050713 -0.7103013 0.9126101 -0.9285458 0.282394 0.2213453
0.3219302 -0.7812003 0.9636096 -1 0.2874114 0.2201825
0.2389726 -0.6163908 0.7457608 -1 0.3677857 0.09760178
0.2417358 -0.6687831 0.7160469 -0.9998058 0.2701457 0.1775142
0.2521232 -0.6191772 0.5921147 -0.5760788 0.2429707 0.1922441
0.2279031 -0.663506 0.5976812 -0.6973999 0.2327947 0.2018352
0.29422 -0.654929 0.5481133 -0.3125401 0.2865292 0.2646306
0.3597372 -0.5434205 0.5855679 -0.3357743 0.2496262 0.1865573
0.2226515 -0.6620777 0.5064924 -0.4483476 -0.02277087 0.07015487
0.2418584 -0.730713 0.5902498 -0.5171933 0.1454802 0.1931198
0.2628938 -0.62054 0.3064651 0.1313182 0.2167755 0.2568901
0.3472992 -0.5510663 0.4801852 -0.1149702 0.2281768 0.2434183
0.2280164 -0.5771951 0.4047839 -0.2808098 0.2407697 0.2407414
0.2924312 -0.5874948 0.2893834 0.2581598 0.3144817 0.3224979
0.2842443 -0.5397482 0.2351622 0.2276907 0.1260811 0.2038881
0.2933649 -0.531419 0.2911692 0.1849352 -0.0647166 0.1642536
0.3218738 -0.4650158 0.1745211 0.4005102 -0.1108806 0.1345615
0.3022721 -0.4258277 0.1912707 0.2582268 -0.07671703 0.1089516
0.271402 -0.3577488 0.2426868 0.0191315 -0.01878394 0.1045487
0.3020873 -0.3983227 0.2542037 0.1809193 0.004498526 0.1126224
0.2251467 -0.561623 0.47509 -0.417021 0.06426054 0.1554394
0.3242348 -0.3600917 0.3622439 0.001347981 0.05344778 0.1044564
0.1915978 -0.4005279 0.2867166 -0.1610155 0.06169395 0.04124929
0.2549836 -0.3853111 0.3047177 -0.0379416 0.01833905 0.08044977
0.2680259 -0.2870439 0.2059123 0.3114928 0.08228805 0.07513474
0.2741292 -0.3033329 0.004505187 0.3137523 0.08699343 0.09650832
0.1220537 -0.3499606 0.483544 -0.9576717 0.01818467 -0.02786587
0.3469242 -0.5504684 0.7357596 -0.6971129 -0.02618095 0.03255412
0.3227822 -0.5015839 0.5982301 -0.3718597 0.01146999 0.05593612
0.2050555 -0.5069327 0.592516 -1 0.0588458 -0.006931794
0.3963785 -0.498625 0.600948 -0.3642989 -0.005533312 0.07202335
0.2055592 -0.5624532 0.5073147 -0.5589275 -0.07652721 -0.01479266
0.314456 -0.6224727 0.633596 -0.5692445 0.042923 0.1139646
0.3579846 -0.7483413 0.7031527 -0.2931813 0.004254367 0.1337407
0.3553767 -0.7306635 0.6065309 -0.1821459 0.04048495 0.1231163
0.2526273 -0.7479572 0.4630287 -0.09457742 0.01446235 0.1647891
0.2494068 -0.5060551 0.2040701 0.2998477 0.0465598 0.1143266
0.3945962 -0.3913754 0.3786784 0.1915228 0.1085798 0.109363
0.1914544 -0.3833458 0.2382319 -0