0.2152775 -0.1890849 0.151711 0.1004282 0.02976697 0.2714723
0.1671874 -0.03837337 0.006403984 0.1012704 0.08674276 0.1656944
0.02318088 0.09716388 0.02020844 -0.2851651 0.3222712 0.06956337
0.0565235 0.2123032 -0.01471932 -0.3135511 0.2201201 0.05482139
0.1198257 0.05236316 0.1124708 -0.1910347 0.07785686 0.105375
0.1052459 0.01375965 0.1260014 -0.1760138 0.1036039 0.1059525
0.1649711 -0.03529645 -0.0001615584 0.2321428 0.008305524 0.06317962
0.1092824 -0.1592691 0.208929 -0.4889919 0.09710401 0.1437449
0.1259514 -0.1138909 0.2159196 -0.4633456 0.09934993 0.1477169
0.1284266 -0.08990201 0.01166965 -0.1028155 0.08589292 0.1628862
0.1242591 -0.08062176 0.1110591 -0.1060787 0.08030114 0.1773762
0.1035559 -0.05493122 0.04333574 -0.1348257 0.1284379 0.2028066
0.2210494 -0.1380344 0.314539 -0.3026247 0.00334585 0.1724436
0.1091915 -0.2617197 0.2163242 -0.4072563 0.01436659 0.09862497
0.1551267 -0.2316836 0.1765625 -0.1514106 0.01871751 0.2070622
0.1077754 -0.0004734402 0.02904192 -0.1314169 0.0788458 0.1155931
0.1463046 -0.1674375 0.2371719 -0.2113003 0.07213587 0.1800899
0.2092992 -0.05937473 0.2225488 -0.2702366 0.06237127 0.1172536
0.09973136 -0.1528075 0.1348606 -0.3923918 0.03542711 0.1612058
0.1045036 -0.142741 0.1928729 -0.3700339 0.02062122 0.1054129
0.1708047 -0.1634185 0.177027 0.01056866 -0.02122259 0.1670996
0.07523541 -0.192254 0.1606505 -0.3358526 -0.01974783 0.11522
0.1016377 -0.1663814 0.141316 -0.1946568 0.02945957 0.1944861
0.1506419 -0.03732385 0.2019698 -0.2352757 -0.04135057 0.1785322
0.07825963 -0.1914769 0.3412189 -0.990617 -0.02153438 0.117469
0.08530164 -0.04752589 0.1700752 -0.5019426 0.02261764 0.09328244
0.06742731 0.1211688 -0.1407369 0.01240177 0.01897781 -0.02675357
0.1831591 0.01971024 0.2132733 -0.4116426 0.08779297 0.06615621
0.0820571 -0.2115923 0.3003596 -0.6208307 0.08268776 0.1658552
0.1074045 -0.1076565 0.02952221 0.01029836 0.00128085 0.08942123
0.1162084 -0.01263492 0.2015274 -0.4088397 -0.01350908 0.1369041
0.110581 -0.2345903 0.1481999 -0.2441646 -0.002691594 0.1863262
0.1181376 -0.08154169 0.1660655 -0.3584861 0.003134331 0.107714
0.2138333 -0.07176087 0.2102199 -0.2805761 0.01311384 0.1041332
0.1001113 -0.3131374 0.2228311 -0.5220131 -0.01442896 0.1332763
0.1350512 -0.1871437 0.1973426 -0.3132248 0.04547832 0.1248893
0.1768797 -0.1964379 0.1923897 -0.04753251 -0.06243606 0.2547252
0.08880959 -0.1679774 0.1812133 -0.4629348 0.08363448 0.08183174
0.1180028 -0.1306348 0.1567285 -0.3999985 0.0528704 0.1290053
0.09619837 0.07062612 0.06926606 -0.2897441 0.1041783 0.1801896
0.1372167 -0.02244994 -0.1086053 -0.05221763 0.05722686 0.1426658
0.05485279 -0.04862916 0.1737171 -0.545653 0.1736262 0.1365107
0.1360196 -0.05933753 0.2423406 -0.4606777 0.007666604 0.06660718
0.07349653 -0.1135926 0.254112 -0.8992346 0.01572561 0.03674987
0.1091763 -0.1329182 0.3762762 -1 0.02056414 0.1486259
0.2409424 -0.2226456 0.4994535 -0.7867805 -0.05665137 0.09644589
0.131871 -0.3335922 0.4250982 -0.9146464 0.06280111 0.1322577
0.1978859 -0.2512599 0.3459265 -0.605563 0.0453455 0.122982
0.1401943 -0.1677816 0.2814284 -0.6279097 0.1763265 0.1278433
0.2412054 -0.246747 0.3641601 -0.4776908 0.1036299 0.1472612
0.2511696 -0.2991672 0.3675617 -0.4582585 0.2703141 0.1286093
0.3006564 -0.2768654 0.3825823 -0.3065574 0.09852924 0.1701357
0.3051808 -0.322273 0.3707738 -0.3095503 0.08884095 0.1782982
0.1613853 -0.416832 0.3816254 -0.5786157 0.2240594 0.172108
0.153704 -0.401602 0.4437857 -0.9232851 0.0748549 0.06433441
0.1209156 -0.3118457 0.3507729 -0.8829633 0.03437966 0.03498805
0.1260154 -0.2462344 0.4346806 -1 0.01429697 0.06012617
0.1437776 -0.2529186 0.3502179 -0.6936487 0.01204951 0.09562925
0.1053882 -0.2439843 0.2888613 -0.623346 0.05961552 0.05974834
0.08922578 -0.2205683 0.2477001 -0.6963391 0.07088377 0.07056574
0.1509764 -0.2274932 0.3223577 -0.5537382 -0.07454263 0.05395248
0.1754749 -0.1702336 0.2802831 -0.5921238 -0.06842299 0.03068724
0.1164153 -0.1790855 0.2560667 -0.5509545 -0.1015377 0.00896236
0.08653414 -0.07164385 0.221251 -0.677154 -0.00358815 -0.01478854
0.08304557 -0.05560846 0.2081779 -0.6253345 0.002045485 0.04082666
0.09974262 -0.06110264 0.1335714 -0.5352812 -0.007909229 0.01280946
0.09303071 -0.07424632 0.09403697 -0.2555276 -0.02208982 0.039042
0.1992451 -0.1812398 0.201878 -0.2125403 -0.06121255 0.08997539
0.1452201 -0.1703077 0.2071672 -0.2515021 -0.002874148 0.1031832
0.2043854 -0.1833689 0.2046655 -0.2068045 0.04200764 0.1664775
0.1327351 -0.2664368 0.2394924 -0.3492768 -0.06869017 0.1041147
0.1950521 -0.1830389 0.245005 -0.1633693 0.004287238 0.09215426
0.1517007 -0.1073055 0.3250178 -0.5665646 -0.03919268 0.06828038
0.1626965 -0.1884301 0.3220274 -0.5558412 -0.04744129 0.05027464
0.2037861 -0.2107994 0.3136248 -0.2415636 0.116575 0.1584967
0.1971439 -0.160638 0.3026997 -0.2563557 -0.01604957 0.09855467
0.1103806 -0.250568 0.3143642 -0.7592362 -0.02457728 0.08486051
0.06453364 -0.158534 0.1741821 -0.655173 -0.02440049 0.09330453
0.06662446 -0.1809692 0.0860586 -0.4147797 -0.03041953 0.1135486
0.1011165 -0.1301528 0.07075367 -0.3624705 -0.004101088 0.09056171
0.1944308 -0.09621992 0.3006273 -0.2921004 -0.006501155 0.07165293
0.09990767 -0.1439807 0.3909162 -1 -0.02345019 0.03096663
0.1209537 -0.2295121 0.4479301 -1 -0.1004293 0.07934987
0.3039832 -0.204738 0.5156747 -0.6340787 -0.1016787 0.09039187
0.2326427 -0.09129234 0.466298 -0.8282533 -0.01099761 0.1264319
0.213184 -0.1429082 0.48026 -0.9677702 0.02566516 0.1907207
0.04044022 -0.06953182 0.3236693 -1 -0.05274282 0.1536341
0.05302562 -0.05045467 0.3127074 -1 0.09048862 0.1352478
0.2090887 0.02377404 0.3108544 -0.4227957 0.1076711 0.161096
0.2020132 0.07264461 0.2407165 -0.2799053 0.2642466 0.229711
0.2074934 0.05008297 0.1482167 -0.252863 0.2990031 0.2282118
0.09164458 -0.04000327 0.1107944 -0.510386 0.2989811 0.2111698
0.1120787 -0.1295801 0.1999824 -0.6888497 0.07677981 0.1540213
0.05486589 0.03862637 0.1708968 -0.8905939 0.206766 0.1349265
0.1758423 -0.0459352 0.3207952 -0.8088994 -0.01661566 0.1239159
0.2506896 -0.02928605 0.386668 -0.6425102 -0.007820902 0.1761215
0.2464387 -0.02649913 0.2990985 -0.3324725 0.07723739 0.1697145
0.2578459 -0.02768272 0.2678251 -0.2347584 0.07099121 0.1817725
0.2700852 -0.06914284 0.3388524 -0.2921302 0.1359912 0.2141655
0.2950614 -0.08299811 0.2399261 -0.2228107 0.06351961 0.184058
0.09256829 -0.2235184 0.3319645 -0.8838515 0.05410143 0.1724947
0.05886576 -0.09314561 0.2994206 -1 0.007738914 0.09759869
0.05714906 -0.0601201 0.2778979 -0.9698281 0.08188155 0.1327922
0.1105976 -0.04023593 0.2297095 -0.7120844 0.09609263 0.1516638
0.07838453 -0.0332431 0.1853708 -0.7868945 0.1294635 0.1247111
0.1680596 -0.09376945 0.3090208 -0.6511071 0.06301603 0.1942005
0.2208948 -0.02379383 0.2253527 -0.3477702 0.1086404 0.1885484
0.2215159 -0.06653372 0.2762688 -0.3096758 0.08109483 0.1768074
0.2332724 -0.007212165 0.2489544 -0.1996855 0.08592725 0.1969585
0.2343933 0.09608217 0.1616091 -0.02169861 0.113976 0.1936444
-4.290673E-05 0.158748 0.1249917 -1 0.02131197 0.08199161
0.01086656 0.1272886 0.1843395 -1 0.02569386 0.111201
0.05586363 0.039491 0.3262199 -1 -0.08648667 0.1404529
0.06523623 -0.05258585 0.4000174 -1 -0.06313962 0.1317883
0.07108948 -0.08306706 0.3429938 -1 0.131854 0.1536959
0.06906497 -0.1308167 0.3673662 -1 0.1514398 0.120102
0.09786616 -0.158036 0.2980973 -0.8368003 0.2465618 0.1533263
0.1111062 -0.141946 0.2879922 -0.7356484 0.01005391 0.1463477
0.1084963 -0.1102337 0.2036863 -0.451473 -0.02677177 0.1390813
0.1380923 -0.09434436 0.1783752 -0.189948 0.1623287 0.1767367
0.07740449 -0.1074314 0.1375671 -0.4251429 0.1857272 0.1355256
0.1313887 -0.1365714 0.238909 -0.2998475 0.1107762 0.2022265
0.1312778 -0.082256 0.1598546 -0.2992636 -0.08917274 0.09119603
0.1194046 -0.07228128 0.1806511 -0.2641656 -0.04848327 0.1340999
0.07627679 -0.01031126 0.2077422 -0.345585 0.1058319 0.1091075
0.04145512 -0.00290602 0.1769729 -0.4502309 0.150198 0.09690963
0.0248416 0.05690289 0.1762644 -0.5209129 0.0498485 0.1293209
0.06297515 -0.01135427 0.1934057 -0.4954067 0.07391531 0.1865092
0.06413542 0.03157348 0.08419028 -0.3375503 0.07085188 0.1417812
0.07268789 0.02385141 0.1426523 -0.2683304 0.07502739 0.1404414
0.1082782 -0.01325017 0.1415516 -0.1016152 0.08662897 0.1201417
0.127313 -0.06046993 0.05518832 -0.05961585 0.08074294 0.1505475
0.1422284 -0.01833038 -0.03364763 -0.002966795 0.01119423 0.1219839
0.1315214 -0.0779113 -0.04088653 -0.005930729 0.0962038 0.175683
0.1320578 -0.04965651 -0.1572656 0.1453385 0.1746884 0.2355916
0.174952 -0.04069887 -0.1215315 0.142233 0.07006637 0.2348442
0.1603909 0.01360555 -0.1577386 0.1838887 0.1415323 0.2443148
0.1503696 0.01808823 -0.1619114 0.1464123 0.1494761 0.189537
0.1689647 -0.01024046 -0.124264 0.15909 0.157311 0.1552374
0.1164506 -0.1245806 -0.04352879 0.02127894 0.1359745 0.1692049
0.1093207 -0.1581802 0.08927105 0.0211426 0.05775589 0.1468793
0.1130415 -0.1126045 -0.01988888 0.09797032 0.1411766 0.1657388
0.134737 -0.07631834 -0.1186008 0.1122506 0.1818916 0.2161891
0.1346127 -0.004058155 -0.09432387 0.1514379 0.02744284 0.1142089
0.1