0.2785503 -0.5258749 0.5658585 -0.4001929 -0.06424598 0.01997288
0.2234636 -0.6199623 0.6142496 -0.8758315 0.1172426 0.1236326
0.26975 -0.5034369 0.6745031 -0.8129632 0.07913865 0.09481592
0.3176652 -0.4844117 0.6618108 -0.7681968 0.1348673 0.1042803
0.2702783 -0.6504955 0.7189689 -0.8283774 0.08903822 0.08285324
0.2967794 -0.5482739 0.717267 -1 0.05396824 0.04464747
0.3163958 -0.540814 0.7541779 -1 0.1316954 0.09276977
0.3248388 -0.5197233 0.7917679 -1 -0.004138028 -0.008613189
0.3519352 -0.5122931 0.7955056 -1 0.1124857 0.01761073
0.3999941 -0.5477169 0.8379489 -1 0.05919257 0.02294341
0.3545549 -0.5203772 0.7711176 -0.8575734 0.1406035 0.09435873
0.2914091 -0.6869054 0.7689675 -0.9703512 -0.007768413 0.06143497
0.3584298 -0.6030183 0.7777053 -0.8494299 0.02312549 0.0437932
0.3849187 -0.6167575 0.7446323 -0.6867247 -0.005826933 0.09458087
0.4371488 -0.6389465 0.7851404 -0.5607161 0.06396088 0.1135557
0.2839735 -0.6905439 0.7349819 -0.9940025 0.03414491 0.04209247
0.4184463 -0.7082571 0.8694975 -0.9272315 -0.1375797 0.03321211
0.2860299 -0.6818265 0.9203418 -1 0.06143007 0.02322073
0.2860299 -0.6818265 0.9203418 -1 0.06143007 0.02322073
0.3050368 -0.782188 0.9607871 -1 -0.03676811 0.03227564
0.376705 -0.7641214 1 -1 0.1142694 0.1088594
0.2886015 -0.8632206 0.936202 -1 0.1593009 0.03251878
0.2968495 -0.8164452 0.9838936 -1 -0.07526293 -0.05051773
0.3552859 -0.7218323 0.999854 -1 -0.08979531 -0.01029522
0.3372904 -0.7898409 1 -1 -0.1509593 -0.02474184
0.3240865 -0.8552625 1 -1 -0.03005384 -0.03126955
0.3238357 -0.8700304 1 -1 -0.04792868 -0.04325921
0.3088178 -0.9597194 1 -1 -0.09780443 -0.01685406
0.3149162 -1 1 -1 -0.04365568 -0.001239271
0.2802317 -0.8148658 0.7754994 -0.9137231 0.03733039 0.006270558
0.2757535 -0.714273 0.7298588 -0.8017071 0.00897923 0.07615642
0.2696695 -0.5687285 0.5828193 -0.4781691 0.01102739 0.03401232
0.2795067 -0.5262791 0.4923847 -0.3965808 -0.0636399 -0.001239921
0.2713119 -0.4372216 0.4036345 -0.2478018 -0.005739868 0.02945531
0.2478718 -0.449593 0.3529992 -0.2283234 0.05220335 0.0623311
0.2255235 -0.3674058 0.3178864 -0.09479289 -0.05951808 0.02785004
0.2010422 -0.4126841 0.2170478 0.03528026 0.0229158 0.0907815
0.1834943 -0.3496375 0.08802367 -0.1396117 -0.01390537 0.0811251
0.1941006 -0.2877664 0.1452859 -0.1025739 -0.03189963 0.06198826
0.211244 -0.2718922 0.08189873 -0.003032071 -0.02120974 0.03431122
0.2236736 -0.2656045 0.05952904 0.01898635 0.05370886 0.1354879
0.2164128 -0.2079672 -0.0323908 0.1831457 0.1215899 0.03400147
0.3207455 -0.2883492 0.3328349 -0.03452282 0.07186765 0.04639011
0.2404193 -0.4085241 0.3492557 -0.3056251 0.02354744 -0.009991465
0.254048 -0.4294504 0.3441245 -0.08811017 0.1939409 0.05817782
0.1929424 -0.3964502 0.3092182 -0.4382668 0.2544097 0.05147672
0.265972 -0.3167591 0.3181504 -0.1018643 0.2332775 0.01943184
0.3068917 -0.2974445 0.1961019 0.2148859 0.1748588 0.04325435
0.2886634 -0.2282923 0.1654938 0.1754823 0.2563534 0.04531401
0.2699711 -0.1473239 0.1592526 0.1200788 0.2614686 0.05565458
0.1781713 -0.1440831 0.1274796 -0.1018409 0.2808524 0.0682469
0.3015842 -0.1692481 0.1450437 0.3550212 0.1161446 0.01172849
0.2923021 -0.2364605 0.257535 0.132144 -0.05564846 0.04172579
0.318265 -0.2127089 0.2377943 0.1397641 -0.009103977 0.02521583
0.3367807 -0.269486 0.2278863 0.1918493 0.0447861 0.02970217
0.310919 -0.307202 0.3005845 0.04377539 0.05590066 0.08209682
0.3485769 -0.3450276 0.3433734 0.08836305 0.002143643 0.08480403
0.2481606 -0.3952965 0.3255807 -0.1287172 0.09866415 0.04542899
0.2640699 -0.3207377 0.2479372 -0.01048113 -0.03831942 0.007333593
0.2341788 -0.2017906 0.2560376 -0.1643526 0.05040862 0.1074566
0.2234769 -0.2583986 0.3617735 -0.2950666 0.01459949 0.1619747
0.2234769 -0.2583986 0.3617735 -0.2950666 0.01459949 0.1619747
0.3714099 -0.2450989 0.4529618 0.01335619 0.1050368 0.1101983
0.3716076 -0.3200622 0.4949995 -0.06269177 -0.001903118 0.07853831
0.3026604 -0.2415346 0.5363229 -0.3736587 -0.004363753 0.1155431
0.3462685 -0.2976547 0.4895228 -0.1276538 0.005713976 0.09352635
0.2321239 -0.4458042 0.551715 -0.7162318 -0.03888475 0.0008709766
0.240066 -0.4301096 0.5600719 -0.6974682 0.09259874 0.1287341
0.3760837 -0.4061342 0.5245436 -0.2139361 0.2019274 0.1681663
0.2366516 -0.5242567 0.5219288 -0.6089262 0.1211236 0.1188498
0.2527841 -0.4401582 0.5200596 -0.4418457 0.1905843 0.1409849
0.346001 -0.4272615 0.4474695 0.07428116 0.2194012 0.08812074
0.2534404 -0.625462 0.6679513 -0.5017035 0.14105 -0.003447116
0.2578594 -0.7034116 0.5945616 -0.2682778 0.2308301 0.04643511
0.2466054 -0.6923826 0.5801468 -0.4632539 0.233248 0.08524555
0.2631701 -0.7601715 0.6749312 -0.4282449 0.1215077 0.07396647
0.2401088 -0.6619716 0.5172696 -0.3023874 0.2905761 0.08239827
0.2295091 -0.6234461 0.6507545 -0.4554999 0.2553431 0.1009141
0.2364022 -0.6371715 0.5450541 -0.3569182 0.1768707 0.04633654
0.2845965 -0.1959418 0.3184561 0.03577241 0.3357775 0.02743453
0.196012 -0.2308134 0.2360151 0.03462145 0.3027088 0.04970278
0.2238195 -0.3336008 0.2194588 0.1331343 0.2917216 0.05963219
0.2825873 -0.3535382 0.2973916 0.2856951 0.2618782 0.07861423
0.2774208 -0.3137666 0.1276111 0.3886065 0.253861 0.07300215
0.2849391 -0.2368544 0.1465384 0.2832498 0.3332484 0.06609546
0.3409101 -0.2755705 0.0993091 0.3133545 0.2969584 0.1011615
0.3095033 -0.2598713 0.05734204 0.3035861 0.2900375 0.09035996
0.3370187 -0.3174695 0.1744832 0.3195019 0.2492265 0.1685731
0.2847657 -0.4544303 0.1948379 0.2981197 0.2789674 0.1503789
0.3307358 -0.365122 0.1015644 0.4498616 0.2546664 0.1636815
0.298867 -0.2338153 0.08585193 0.4318705 0.3483136 0.08262013
0.1858325 -0.2823001 0.1099187 0.119747 0.2269554 0.06023033
0.1848271 -0.08666353 -0.04306706 0.1632805 0.2274434 0.1134792
0.2237828 -0.08111054 -0.1049115 0.3715409 0.419433 0.1592382
0.2650344 -0.1314197 0.009069613 0.4218451 0.416079 0.1573691
0.2994891 -0.1530261 -0.02360526 0.4276043 0.3239475 0.1168238
0.2449687 -0.2603552 0.1255702 0.09081164 0.07674352 0.04838638
0.271837 -0.299512 0.2233376 0.1705686 0.1142172 0.1211259
0.2890858 -0.2633306 0.2768814 0.2275091 0.2254355 0.05590463
0.3123471 -0.3432702 0.2967001 0.1904566 0.2200825 0.1144856
0.2585011 -0.386003 0.3274826 0.1248603 0.2049152 0.1232
0.2632034 -0.3843198 0.253429 0.1307801 0.1505819 0.08164627
0.3013747 -0.3556546 0.2909715 0.3156181 0.146816 0.1229503
0.2139308 -0.3413979 0.1402275 0.1514191 0.1891143 0.07930694
0.3020109 -0.3975734 0.2694028 0.2638067 0.248954 0.1513308
0.320224 -0.4269901 0.2816078 0.244781 0.109078 0.1373183
0.283506 -0.368785 0.244344 0.1781791 0.1010742 -0.003088011
0.3004974 -0.3153551 0.2549475 0.3396558 0.1083999 0.01918418
0.2479538 -0.5565562 0.4470288 -0.169458 0.06581528 0.00876664
0.277489 -0.5859991 0.4017757 -0.02734688 0.1090541 0.03333263
0.2911788 -0.5603381 0.3865797 0.06740058 0.1386459 0.01621148
0.2982578 -0.5532284 0.3934601 0.145577 0.1144937 0.06184093
0.2503616 -0.5065309 0.313659 0.09118827 0.1615808 0.07155688
0.2008892 -0.3890851 0.3256234 -0.1429647 0.1388504 0.101851
0.1998256 -0.4012962 0.356746 -0.2189439 0.1573364 0.07574301
0.2197266 -0.3379589 0.325545 -0.0813029 0.1716933 0.05642721
0.2584415 -0.3372293 0.2864901 -0.007020975 0.1460137 0.1054268
0.3254025 -0.4208913 0.4290664 0.07451183 0.04405081 0.06868118
0.28744 -0.5044417 0.4483323 -0.02998748 0.1394493 0.07867967
0.2686323 -0.4546201 0.3501221 -0.04051179 0.1992433 0.07691351
0.3187161 -0.443996 0.3552628 0.1673819 0.1138081 0.1278339
0.3573112 -0.4582327 0.4195467 0.2549235 0.0665149 0.1402714
0.2797182 -0.4457036 0.3819777 0.03361065 0.1708583 0.07106742
0.321843 -0.4824601 0.4150774 0.1130827 0.1764012 0.1251335
0.3425205 -0.4835057 0.4123802 0.1729187 0.1528704 0.1233664
0.2975399 -0.3625774 0.3395472 0.116813 0.2286077 0.03276891
0.3120055 -0.3709312 0.3623864 0.1615063 0.235108 0.08807312
0.3383391 -0.3946769 0.3953567 0.2085791 0.09805381 0.05656753
0.3269378 -0.4172464 0.4131012 0.1589583 0.1030289 0.05427733
0.2594755 -0.6284909 0.5424104 -0.3609894 0.09576933 0.03940395
0.2470249 -0.4436251 0.4538406 -0.2387312 0.1185307 0.07234352
0.2704888 -0.2418574 0.1013851 0.27698 0.2177694 0.005336689
0.302089 -0.2655335 0.2329051 0.4188106 0.2470952 0.083236
0.3215114 -0.2647852 0.1501785 0.4533028 0.1831896 -0.03767302
0.3110375 -0.3085586 0.199106 0.3860224 0.2271524 -0.01564298
0.2377028 -0.3479788 0.2482455 0.17755 0.1979109 -7.41249E-05
0.265371 -0.3654319 0.06872294 0.2800068 0.2427305 0.02131915
0.3050344 -0.4495238 0.2281135 0.2656208 0.1590586 0.04047957
0.3256113 -0.4711556 0.3216809 0.243185 0.1549102 0.05352519
0.2928485 -0.3437371 0.08157383 0.2812174 0.2184547 0.09422131
0.2621542 -0.2870043 0.03910984 0.3631134 0.2037082 0.09128394
0.3023352 -0.2783124 0.05408314 0.4202223 0.1951286 0.06382339
0.3093762 -0.3603491 0.269257 0.307864 0.1345827 0.03011656
0.3327327 -0.4471932 0.3500428 0.3864452 0.09158366 0.1002301
0.2851436 -0.4736181 0.2561775 0.133189 0.1034082 0.01499834
0.3122864 -0.5272471 0.3966556 0.1755193 0.1264192 0.1143312
0.3097067 -0.4823738 0.335565 0.2272522 0.1550968 0.1661704
0.2903256 -0.445901 0.2912938 0.197835 0.1992494 0.1105912
0.310497 -0.423594 0.2773198 0.2727772 0.1283078 0.07538602
0.2710421 -0.482831 0.3039463 -0.009380016 0.1549508 0.1059336
0.2450134 -0.4790394 0.2740013 0.04740034 0.1799388 0.0372499
0.3607417 -0.4521202 0.3875166 0.206065 0.1757267 0.2092796
0.245404 -0.4388632 0.2777548 -0.2635173 0.1621238 0.1391092
0.3139675 -0.4715075 0.3326351 0.04356187 0.1386542 0.1625582
0.3059159 -0.3769769 0.2024305 0.3561264 0.09908988 0.1323635
0.3029585 -0.4038831 0.1343563 0.3120334 0.1797646 0.138941
0.2847144 -0.2978331 0.05094065 0.3278563 0.1857944 0.1302088
0.2957562 -0.2556798 0.1430111 0.2508922 0.1404919 0.09823829
0.3203604 -0.2836627 0.1759434 0.3516939 0.09483176 0.09254429
0.2333948 -0.4560766 0.2374118 0.056748 0.1076352 0.1490071
0.2407698 -0.3648589 0.1251353 0.02757282 0.09474954 0.1236502
0.232232 -0.3378238 0.0544845 0.1257976 0.05863345 0.1227346
0.2534748 -0.3251157 0.07978124 0.1376768 0.1580779 0.1558369
0.2693719 -0.3295642 0.0247807 0.2730887 0.1229489 0.1277072
0.2915676 -0.3593232 0.130484 0.08125512 0.1261228 0.1977462
0.3121548 -0.4199755 0.1957115 0.1619595 0.1548926 0.1968752
0.2739407 -0.4504693 0.1847137 0.06469394 0.1108341 0.2002807
0.2631755 -0.4306577 0.07840861 0.1997778 0.07542591 0.09787559
0.2935671 -0.4887696 0.1561602 0.1997457 0.09353041 0.1038105
0.3073708 -0.5019869 0.1919279 0.2412782 0.01098354 0.1380172
0.2999743 -0.4195344 0.1322846 0.2070975 0.06794059 0.1750659
0.2643995 -0.3924948 0.1321161 0.1480199 0.0918434 0.1826621
0.2738217 -0.3379327 0.06091848 0.2300052 0.1038079 0.1697465
0.2697788 -0.3284554 0.08280374 0.2231395 0.1387586 0.1012607
0.2933176 -0.3046951 0.08966152 0.2284206 0.07357214 0.1008568
0.3185944 -0.3351821 0.1716069 0.2885492 0.08645694 0.1918389
0.2538357 -0.4672511 0.2722793 -0.08539132 0.051336 0.1354603
0.2517669 -0.420512 0.1496411 -0.03645071 0.04956687 0.1274875
0.2577795 -0.4139356 0.1526665 -0.01705136 0.07571241 0.2247402
0.2460969 -0.4388802 0.1172531 0.1024431 0.09901295 0.1512829
0.229721 -0.3860511 0.09837002 0.1198587 0.1414032 0.1069928
0.2151854 -0.3586205 0.1416695 0.005735839 0.06213144 0.07689022
0.2250001 -0.3977894 0.0944204 0.08899241 0.03095284 0.01853987
0.2107912 -0.3771246 0.1079267 0.06216595 0.07901298 0.01826643
0.2239951 -0.327956 0.06885146 0.08560148 0.2738091 0.0904111
0.2261548 -0.3653972 0.0323378 0.3561579 0.3078122 0.108566
0.2247932 -0.365879 0.01239266 0.3804582 0.2907055 0.09174903
0.2098325 -0.3742133 0.04978551 0.2584609 0.1546284 0.05503555
0.2029037 -0.3366471 0.0972981 0.02142497 0.2536334 0.1320953
0.2045647 -0.3276593 0.03824335 0.1204436 0.1777305 0.1261297
0.1934752 -0.2627208 0.02243654 0.04247408 0.1043983 0.01305057
0.2479372 -0.3495418 0.1719095 0.06470805 0.08192809 0.07119329
0.2186668 -0.3707804 0.1729299 -0.03182317 0.06641194 0.05531241
0.2202365 -0.3920443 0.1493956 -0.02995332 0.08678024 0.02605301
0.2182578 -0.3457118 0.1710564 -0.2006696 0.09920717 0.0842437
0.198694 -0.3262346 0.1127758 -0.1562847 0.170323 0.03130259
0.1788923 -0.2448487 0.04133834 -0.0872288 0.1277085 0.01054565
0.2236422 -0.3177313 0.09064405 0.07245776 0.124442 0.09918287
0.1814276 -0.3066925 0.06940193 0.03819682 0.08680136 0.02997189
0.188679 -0.2675386 0.0519366 0.09016178 0.09841638 0.03345371
0.2131878 -0.2592466 0.04432606 0.1436907 0.06518276 -0.02041144
0.2112449 -0.2423004 0.188867 0.1076319 0.3352776 0.1263782
0.1814223 -0.162485 0.1619961 0.03852986 0.16301 0.05661307
0.1458904 -0.04895884 0.02036101 -0.1359393 0.4520171 0.09349144
0.1397407 -0.007577002 -0.02983451 -0.06265846 0.4667024 0.09551917
0.1286753 0.02101499 0.01098083 -0.2285618 0.204592 0.07125472
0.1535506 -0.07140565 0.0355158 -0.1576241 0.1731984 0.03753104
0.1601316 -0.1215931 0.005865142 -0.04188971 0.1267541 0.04001218
0.1565835 -0.1291705 0.001867155 -0.02222491 0.1766335 0.01237235
0.1371825 -0.05467127 0.09797893 -0.2303561 0.09912276 -0.01360369
0.1222483 -0.05915421 0.06075842 -0.08695745 0.142115 0.01298248
0.1381177 -0.05821565 0.0359081 -0.01279486 0.1216657 -0.01291917
0.1516541 -0.1305465 0.06670013 0.0243348 0.1514931 0.04013218
0.1827738 -0.1906003 0.01725568 0.2858823 0.1309848 0.04961868
0.1935834 -0.2053987 0.05559016 0.1812584 0.2022437 0.0631194
0.1971457 -0.2581757 0.1849479 -0.0667357 0.0802272 0.05241921
0.1885273 -0.228123 0.07139401 0.01665827 0.1601802 0.09496982
0.1876494 -0.2054539 0.06532589 -0.1033218 0.1178485 0.05089004
0.177291 -0.2248102 0.0265959 -0.07078645 0.1317559 0.005112424
0.1935587 -0.2378508 0.1826748 -0.04202562 0.1350028 0.01748385
0.1921956 -0.2389583 0.186424 -0.1872188 0.06087653 0.04131652
0.2001993 -0.2258326 0.07570374 -0.1305585 0.04543072 0.04514138
0.190765 -0.2403961 0.08371431 -0.09236134 0.1094021 0.007752764
0.1990683 -0.2882822 0.05985925 -0.1116939 0.2449209 0.1550799
0.1876225 -0.2551943 0.0342502 -0.0356982 0.4257416 0.1396125
0.2549302 -0.2616091 0.2133805 -0.04920156 0.4868916 0.1916558
0.2765024 -0.2847321 0.3071473 0.007992817 0.3883594 0.2213069
0.2646248 -0.3355429 0.2862421 -0.1176075 0.3412127 0.1253185
0.2642107 -0.3076632 0.2575502 -0.0652841 0.1286825 0.0591015
0.206476 -0.2230148 0.164452 -0.1479858 0.04110964 0.02075938
0.1994028 -0.2439324 0.2341956 -0.2282203 0.2049582 0.1526594
0.2429245 -0.3283546 0.3265254 -0.1750821 0.1649771 0.1801624
0.2747431 -0.3355531 0.215786 0.01906324 0.1046099 0.07582182
0.2543632 -0.2503929 0.07677192 0.04524254 0.1437452 0.07780683
0.2331645 -0.2216377 0.1050624 -0.04929981 0.1952711 0.08375673
0.2786407 -0.2881925 0.1570725 0.1695785 0.1437766 0.1003423
0.2396347 -0.2219272 0.2142289 0.03672611 0.08481475 0.06212004
0.2686661 -0.2468642 0.1349562 0.1352715 0.03257952 0.07699172
0.2290866 -0.2277198 0.06559809 0.1939512 0.02940697 0.07941611
0.2143954 -0.3222456 0.06154096 -0.143474 0.04347676 0.06771846
0.2164093 -0.3249637 0.02779221 0.01057047 0.06780052 0.05019169
0.23678 -0.3549464 0.06497053 0.07961497 0.07151305 0.03441565
0.2315126 -0.2777481 0.1085215 0.261483 0.2218457 0.007215211
0.2721326 -0.2956418 0.1033061 0.2867711 0.1882829 0.01197206
0.2789471 -0.2842219 0.1437521 0.2579283 0.3655923 0.1187426
0.2900658 -0.2983313 0.1501226 0.2272736 0.1517445 0.03342541
0.2761496 -0.2517389 0.04955466 0.2679456 0.1795194 0.02065515
0.2858859 -0.2962844 0.1970974 0.1792231 0.1160577 0.06090684
0.2892903 -0.358374 0.1679241 0.1406979 0.1451464 0.0276019
0.2468195 -0.284373 0.1570064 0.2581766 0.1119783 0.04864867
0.2214789 -0.2504041 0.02832719 0.1919103 0.132499 0.006348272
0.2111347 -0.2806026 0.05285894 0.08094809 0.1428822 0.0434055
0.2225649 -0.2943095 -0.005826775 0.25081 0.1213195 0.06546482
0.2531461 -0.2948661 0.1182678 0.2001904 0.01689525 0.07554724
0.2470377 -0.3281847 0.1596595 0.02912389 0.07704277 0.09804129
0.2469724 -0.3327532 0.1005952 0.1523193 0.09562868 0.06468555
0.2501057 -0.3023397 0.1212321 0.1945619 0.04953606 0.0488347
0.2419753 -0.2957698 0.1095567 0.1570533 0.04928026 0.03877247
0.2611177 -0.275566 0.1425764 0.174417 0.1335494 0.05043083
0.2241965 -0.2147518 0.08645811 0.1087296 0.1399631 0.02241149
0.1933293 -0.2337066 0.4684376 -0.9226304 0.1395471 0.1279921
0.2020751 -0.2596879 0.6629521 -1 0.1399979 0.04152607
0.2117396 -0.39717 0.8408405 -1 0.07864229 0.1052379
0.2345836 -0.3720889 0.7555255 -1 0.1375108 0.0114484
0.2873027 -0.2910835 0.817671 -1 0.07197718 -0.02993103
0.2996988 -0.2536103 0.7384595 -1 0.1237221 -0.06877671
0.2892527 -0.2578512 0.6256521 -1 0.1380277 -0.07409561
0.3257294 -0.2732114 0.6924183 -0.8530985 0.1190751 -0.08970984
0.3035598 -0.1555588 0.5633032 -0.5106587 0.2080435 -0.0566818
0.3564633 -0.2535317 0.5355871 -0.5540261 0.1551928 -0.008903909
0.3150949 -0.2116665 0.5918258 -0.7017195 0.1557627 0.008060723
0.3090532 -0.1974968 0.6097685 -0.5845985 0.1877307 0.02838887
0.1888607 -0.2801264 0.5841228 -1 0.1843215 0.061128
0.2253274 -0.3664851 0.5297219 -0.8312997 0.1585397 -0.00307898
0.1891144 -0.2994463 0.446799 -0.6051114 0.1502871 -0.02119811
0.2005037 -0.2773913 0.2974404 -0.4216154 0.1974702 0.05686525
0.2364632 -0.3012713 0.4139241 -0.3679787 0.1275908 0.06965879
0.2476242 -0.3018074 0.2939308 -0.1116049 0.1940673 0.06291136
0.3430672 -0.2983352 0.3636949 0.1695709 0.2553853 0.08391567
0.2762887 -0.3760929 0.3510633 0.08857866 0.2108282 0.09406301
0.3000743 -0.3344073 0.08513752 0.326713 0.1579176 0.07925402
0.3029927 -0.3115071 0.07971454 0.3891331 0.2137068 0.06506462
0.3679973 -0.3926694 0.2099122 0.4512506 0.1967052 0.1895589
0.3006488 -0.4423134 0.3148212 0.2671666 0.1520782 0.1243541
0.2582042 -0.4699101 0.3904825 -0.006199794 0.2901839 0.1524613
0.3316399 -0.4451 0.3484642 0.3106029 0.09154158 0.1253961
0.3484573 -0.4538971 0.3456956 0.3424313 0.0925078 0.1949133
0.2901776 -0.5066344 0.2762413 0.3521927 0.1265313 0.1135029
0.2740832 -0.5240449 0.3020264 0.2973322 0.1259044 0.103867
0.3084476 -0.56374 0.3293131 0.2742447 0.1160538 0.1659686
0.3220847 -0.4933369 0.3070597 0.3800031 0.1486756 0.1214187
0.3342645 -0.467661 0.3088357 0.4397956 0.1038598 0.09210097
0.3247416 -0.4766576 0.3322122 0.4761751 0.1109242 0.1358734
0.2749514 -0.58