0.250136 -0.3803732 0.06418279 0.1986108 0.05332858 0.002775225
0.2771639 -0.3893454 0.05324891 0.3592694 0.1269227 0.007428981
0.2721263 -0.357274 0.06390081 0.3929507 0.06520574 0.08826211
0.2862986 -0.3695374 0.1684477 0.3235408 -0.008617375 0.01846378
0.2965884 -0.3399658 0.1319818 0.4092661 0.1560409 -0.04488041
0.2611526 -0.5030944 0.342378 -0.03935565 0.1477197 0.03964927
0.2814974 -0.5190605 0.3890698 0.04627969 0.04717175 0.06642285
0.2793249 -0.4004762 0.1552945 0.2554879 0.1124282 0.1085177
0.2901092 -0.3958891 0.1973607 0.2018533 0.07670731 0.1106828
0.2287525 -0.4174196 0.2679286 0.06128746 0.1122792 0.09396959
0.2851029 -0.4824111 0.2767405 0.1726253 -0.01305758 0.1068392
0.2829882 -0.4408861 0.1288522 0.2716569 0.04240828 0.1436233
0.2921669 -0.375289 0.08398779 0.3346244 0.09692297 0.06058967
0.296814 -0.3610322 0.04290649 0.4028349 0.1321605 0.07630619
0.2482008 -0.4267687 0.1520042 0.06778301 0.1635193 0.06499057
0.2541727 -0.3874808 0.08001384 0.2396136 0.2706546 0.1552832
0.2519396 -0.3452741 0.03872186 0.2205871 0.1266128 0.1076981
0.2799437 -0.3594263 0.1114909 0.2403398 0.120842 0.1041354
0.289534 -0.3604209 0.1366946 0.2142592 0.1696559 0.1684707
0.2606152 -0.25038 0.1728019 0.1218814 0.160621 0.09669378
0.2982803 -0.3157868 0.1611144 0.1320314 0.1639009 0.1559293
0.3182192 -0.2982706 0.1662641 0.2839809 0.1552724 0.1150992
0.3278567 -0.3538023 0.1814742 0.2188666 0.1834336 0.1289025
0.2484657 -0.4745188 0.13519 0.02088572 0.2361646 0.1786783
0.2689798 -0.4144873 0.1261762 0.333401 0.1845888 0.1308242
0.2891069 -0.3971663 0.1531059 0.2857635 0.1347277 0.1317251
0.2739533 -0.3289946 0.0515253 0.2628347 0.2145293 0.1446498
0.2953782 -0.4069971 0.2148768 0.2382918 0.1242104 0.1069778
0.2931029 -0.2866844 0.08397678 0.2872686 0.1350226 0.09566644
0.245009 -0.3327127 0.08674568 0.1319089 0.1991323 0.09566268
0.3429849 -0.2735615 0.3660984 0.2183358 0.1885823 0.1156455
0.2692389 -0.5717383 0.4009964 -0.2074799 0.1013086 0.1268618
0.2930813 -0.5335124 0.4506217 -0.2286948 0.06880637 0.1349732
0.3183499 -0.4604284 0.4534722 -0.09647795 0.02577546 0.1052578
0.235779 -0.4685836 0.3711943 -0.186908 -0.02057117 0.06356958
0.1734496 -0.2622446 0.2091577 -0.1841848 0.03744968 -0.001082253
0.2499099 -0.2658051 0.2441186 0.003988132 0.06054267 0.1187622
0.2705218 -0.3123032 0.212255 0.1083661 -0.002014837 0.04994432
0.2532361 -0.3007673 0.115638 0.08398674 0.03101671 0.03684764
0.2381935 -0.2943482 0.08414903 0.01575843 0.04218649 0.06995333
0.2586595 -0.2730609 0.08443079 0.13378 0.02354361 0.01233433
0.2677633 -0.254146 0.188479 0.1066814 0.05375239 0.03811155
0.2891781 -0.276792 0.1558624 0.267675 0.1249721 0.1507509
0.3124882 -0.3209472 0.09517884 0.316911 0.1170446 0.1512939
0.2639128 -0.3832912 0.1938582 0.05709292 0.05899328 0.1325214
0.2491311 -0.3635209 0.1475978 0.1234249 0.1016467 0.1411486
0.2413802 -0.3469229 0.1189279 0.05336718 0.04986145 0.08335267
0.2329456 -0.349122 0.06405763 -0.007232058 0.1246513 0.0738744
0.2424764 -0.3762705 0.1441668 0.02403389 0.2393225 0.2143389
0.2277503 -0.370256 0.07435824 0.1118541 0.04353679 0.07217132
0.2672529 -0.3371015 0.05535505 0.2190729 0.1081813 0.1205985
0.3222271 -0.332071 0.03273565 0.4352544 0.01336988 0.1356655
0.2499547 -0.3464003 0.112016 0.1100222 0.05305096 0.06155034
0.3307467 -0.1907338 0.1988863 0.3002803 0.08144571 0.1491091
0.2258282 -0.3968776 0.2844226 0.0001908652 0.05612478 0.07183605
0.2882159 -0.2575136 0.1913485 0.3248648 0.08296185 0.1155888
0.3203907 -0.2277225 0.1204086 0.4537145 0.07668429 0.09694447
0.337677 -0.2364125 0.1500095 0.4663609 0.1531741 0.1287611
0.2260839 -0.2299169 0.1437957 0.1386912 0.08349195 -0.04494086
0.2960409 -0.2655614 0.2248412 0.2566558 0.06447386 0.03071178
0.335803 -0.3447006 0.2579814 0.378738 0.05060362 0.08527765
0.343206 -0.2904279 0.1088584 0.5100258 0.004963608 0.158338
0.2682465 -0.2920186 0.0641752 0.2898578 0.0621768 0.08776412
0.3546188 -0.2117239 0.1436096 0.4844321 0.1105544 0.02507351
0.229595 -0.284945 0.1535852 0.06925125 -0.007958538 0.08144289
0.1927041 -0.2498099 0.04434759 0.05661723 0.01037769 0.09453285
0.1776323 -0.2318672 -0.0726536 0.2254416 0.3744636 0.1587834
0.2678133 -0.1723102 0.2054884 0.1792153 0.3911156 0.01842227
0.2009768 -0.2867427 0.308802 -0.2248836 0.2086129 -0.1323091
0.3558621 -0.4125258 0.4628175 0.05789875 0.1333237 -0.1100707
0.3870505 -0.4722185 0.5261347 0.07173381 0.07644198 -0.03297719
0.3690606 -0.2598057 0.2311362 0.3307771 0.02460346 -0.05511629
0.2728576 -0.3963889 0.2021313 0.1247706 0.04316744 0.02747361
0.3798442 -0.3412248 0.4595571 0.1290464 0.05287975 0.06424961
0.1882624 -0.2179482 0.01900795 0.1694753 0.05621178 0.07887032
0.2969997 -0.2409653 0.06835304 0.3608086 0.286155 0.1253476
0.1623318 -0.1731278 -0.0327651 0.06224628 0.1439048 0.1451563
0.2577053 -0.1092312 0.05534149 0.113768 0.1498241 0.1953394
0.2269561 -0.1221769 0.02241663 0.09385024 0.1641329 0.1899097
0.207173 -0.1494277 -0.03438089 0.2095367 0.1880372 0.2074123
0.2160647 -0.1685253 0.09116768 -0.03312882 0.1743733 0.2190876
0.2589885 -0.2479145 0.2544073 0.01508009 0.1463267 0.2400808
0.2495496 -0.2113501 0.05745623 0.1071923 0.09814982 0.1178511
0.2207168 -0.1823733 -0.01673517 0.0902298 0.1480787 0.1195924
0.1670144 -0.1693189 -0.0524014 -0.009754174 0.1158721 0.1716367
0.2964854 -0.1577198 -0.01100891 0.3380401 0.2723297 0.2069368
0.2501602 -0.3917637 0.2887218 -0.01780885 0.2013175 0.07781811
0.3173131 -0.4363678 0.4148924 0.03762043 0.1919699 0.1692827
0.2855719 -0.5801038 0.5559039 -0.3125339 0.1587322 0.1620504
0.3669176 -0.5420064 0.5894626 -0.2532672 0.1511656 0.08072672
0.4006318 -0.5340162 0.6076558 -0.03638253 0.1112947 0.1402864
0.2558194 -0.4969466 0.4783862 -0.2852083 0.1593087 0.09177018
0.3575739 -0.4231412 0.5576487 -0.308194 0.2495146 0.1343154
0.2946166 -0.5343862 0.5118839 -0.284898 0.1802513 0.1768407
0.4017231 -0.4700738 0.5163451 0.09562463 0.148452 0.175461
0.2499382 -0.4554718 0.3162086 -0.1233118 0.1258268 -0.02161462
0.2466597 -0.4122321 0.2478854 -0.02353616 0.04114072 -0.1055508
0.2787411 -0.38428 0.2970342 0.1178749 0.1329605 0.02439814
0.3518457 -0.3111381 0.386261 0.1855849 0.01145228 0.0883121
0.3156908 -0.2504302 0.2707089 0.1817233 0.144929 0.03692725
0.3180257 -0.1942197 0.2895289 0.2802453 0.09624457 -0.02534282
0.296953 -0.2138932 0.3148569 0.1733039 0.1491798 -0.01734942
0.3152877 -0.1993831 0.1925756 0.2812852 0.1472558 0.04409096
0.274595 -0.3270397 0.340439 0.05627063 0.1017267 0.02938398
0.3497869 -0.3926261 0.3803392 0.09792822 0.1595877 0.09389547
0.2712965 -0.4515508 0.2506275 0.06522284 0.1389381 0.05598716
0.3639582 -0.3608627 0.3226853 0.1962571 0.125983 -0.0161171
0.2566281 -0.4711365 0.3917526 -0.124865 0.1505657 -0.0190543
0.3101891 -0.4262756 0.4461865 0.07639687 0.1339123 -0.004576847
0.3500902 -0.4117468 0.3606289 0.1517828 0.3315181 0.0747401
0.3331277 -0.367232 0.3079308 0.3210461 0.3699089 0.005998023
0.2775614 -0.5002281 0.4683765 -0.1814747 0.4410561 0.08243193
0.32852 -0.3147606 0.3263299 0.03909532 0.4567226 0.03680388
0.2482839 -0.4404309 0.5970412 -0.7280221 0.2186137 -0.0177818
0.3608638 -0.4130937 0.3859322 0.1139994 0.1643085 0.0387877
0.4056208 -0.4175174 0.4212581 0.2006465 0.1354737 0.08978878
0.288995 -0.5338245 0.59173 -0.4530527 0.1118885 -0.05522442
0.3573782 -0.3835489 0.3999433 0.05923765 0.1749613 -0.01286221
0.2759531 -0.6119004 0.508464 -0.2107448 0.1263796 -0.004819676
0.2659062 -0.5784974 0.4450701 -0.1308509 0.1833953 -0.03256569
0.3899593 -0.2872584 0.2350878 0.3598964 0.2370189 0.1154988
0.3941045 -0.2743716 0.2614408 0.4030008 0.2353508 0.1316084
0.2090402 -0.3809485 0.1738361 0.0979539 0.1625949 0.06152391
0.4779921 -0.3184324 0.52677 0.2074444 0.2175386 0.1128006
0.4011491 -0.2627555 0.378465 0.1733691 0.06951877 -0.01064799
0.2587557 -0.4810615 0.4302981 -0.3035902 0.04197898 0.001294784
0.376647 -0.4670337 0.6328495 -0.3797273 0.03887463 0.008713862
0.3813492 -0.4153382 0.5326165 0.01068831 0.08879623 0.0410792
0.4379242 -0.3656905 0.4314335 0.2253338 0.06159206 0.05602793
0.1655619 -0.3167762 0.3526692 -0.6216287 0.0925652 0.0001058967
0.3389091 -0.01049619 0.1978729 0.3170581 0.2550156 0.1178431
0.1809275 -0.3320071 0.105263 0.1917041 0.1106571 0.1340158
0.2066466 -0.3030782 0.1174124 0.08207698 -0.07378031 0.1859646
0.1952458 -0.2672893 -0.01543852 0.1950547 0.03536948 0.1727804
0.1823876 -0.1648417 -0.02689219 0.1939622 0.1044232 0.2041359
0.1523501 -0.07279914 -0.03404585 0.02514061 0.06278447 0.1734624
0.1674139 -0.1231676 0.04060524 0.01396348 0.137669 0.1416318
0.2076391 -0.142032 -0.03110658 0.1992519 0.104859 0.199375
0.1972854 -0.1336362 0.0117098 0.164422 0.1263337 0.1901435
0.2141621 -0.1888451 0.02313266 0.1814538 -0.004585653 0.09076868
0.188448 -0.1507877 0.03611466 0.1244301 0.004591154 0.06352641
0.2021592 -0.2116542 0.009032684 0.136104 -0.01279713 0.04128446
0.4063612 -0.2100757 0.4118654 0.1799944 0.0006607313 0.07250258
0.335586 -0.193144 0.3635497 0.06486757 0.03535665 0.07616446
0.1703139 -0.2899457 0.3818084 -0.5605453 -0.009062272 0.01638764
0.3861306 -0.3674041 0.4876807 0.00406725 0.03464673 0.055859
0.270792 -0.5405335 0.5013384 -0.268749 7.325504E-05 0.1321832
0.2817693 -0.4922359 0.4276372 -0.1943001 0.02550423 0.1345044
0.3747801 -0.5164989 0.3134466 0.2116039 -0.06103548 0.08802486
0.2669886 -0.4591522 0.1728937 0.1459132 0.04020326 0.06394681
0.2738423 -0.3570922 0.1174684 0.2787588 0.004796669 0.06462459
0.2964392 -0.2315814 0.0286438 0.4476198 0.09745374 0.09362884
0.3243173 -0.283447 0.2093542 0.3066219 0.01506988 0.1164352
0.3647609 -0.3730364 0.245823 0.4443892 0.05932154 0.1480107
0.3635848 -0.3357657 0.2269281 0.3616699 0.05368163 0.1030518
0.3542939 -0.3200372 0.2413945 0.2994238 0.05371306 0.146806
0.2414343 -0.3987189 0.05484277 0.1549546 0.02245631 0.1351089
0.3215807 -0.3547402 0.173837 0.5014002 0.0124999 0.1402151
0.3615181 -0.4328723 0.2082223 0.5272573 -0.01231768 0.1618418
0.3183916 -0.3178456 0.1040113 0.4596832 0.05335218 0.09613863
0.3498672 -0.3136797 0.08148523 0.5150084 -0.007019324 0.07628988
0.2629834 