0.169464 -0.3402737 0.380043 -0.5054279 0.0421189 -0.0531195
0.2219764 -0.2101897 0.2131457 -0.153152 0.1240883 -0.0461734
0.3414621 -0.2355232 0.4436159 -0.09855904 0.1531651 -0.1156709
0.2342148 -0.5537456 0.559314 -0.3013341 -0.01141545 0.008454395
0.3250733 -0.5927271 0.4954447 -0.1704656 0.2054475 0.1211556
0.2632358 -0.564376 0.395965 -0.1785176 0.2589641 0.0854469
0.3936882 -0.5066973 0.4299454 0.07679226 0.2104691 0.0530949
0.2616374 -0.5873297 0.3912731 -0.2246731 0.2102091 0.03918371
0.4210086 -0.559763 0.5046793 0.05719764 0.2368969 0.06559025
0.2892962 -0.6457292 0.4154009 -0.1128002 0.2370852 0.07415013
0.3001716 -0.551604 0.459107 -0.2414824 0.3072851 0.07441217
0.2601391 -0.5903355 0.5998172 -0.6582816 0.3014306 0.01166047
0.3249643 -0.5852898 0.6249258 -0.4870192 0.2935515 0.02063617
0.4306676 -0.5430308 0.5141498 0.007073226 0.3182477 0.07600547
0.3056083 -0.6696941 0.5445085 -0.2209294 0.3403314 0.1226466
0.4447168 -0.6310544 0.6753739 -0.2290144 0.2820981 0.09379909
0.2447269 -0.6101286 0.3820414 -0.1508189 0.2642933 0.05929605
0.4169003 -0.4972507 0.4257811 0.387601 0.2754238 0.07767693
0.2625595 -0.565367 0.4259227 -0.1049176 0.2039549 -0.01904169
0.3776641 -0.5418748 0.5825759 -0.06667996 0.1559231 -0.001251649
0.2194353 -0.4963663 0.3179123 -0.192684 0.194975 -0.04739604
0.3469738 -0.5221545 0.3836308 0.1889319 0.1228797 -0.0005951425
0.224179 -0.5374027 0.3389603 -0.06849734 0.2303217 0.0009403602
0.4058518 -0.5012424 0.5750254 -0.07566264 0.2634063 -0.0004663169
0.1987311 -0.4791235 0.4289534 -0.3731515 0.3434212 -0.02992497
0.3651892 -0.458289 0.4771496 0.009838847 0.2719108 -0.04209394
0.1837615 -0.5246301 0.4385062 -0.3431369 0.2960719 0.06783522
0.3613824 -0.5336462 0.5665556 -0.119428 0.181319 -0.0157687
0.1989611 -0.4953512 0.3945782 -0.4975477 0.05718754 -0.0641017
0.2554474 -0.4463696 0.3676992 -0.03206604 -0.01467704 -0.09451875
0.3101501 -0.4274683 0.4157643 -0.05025768 0.03821176 -0.05036765
0.2114526 -0.5257405 0.2791163 0.1577155 0.2426644 0.03508327
0.3726834 -0.5529667 0.4871699 0.1346213 0.2065611 0.07363907
0.2016971 -0.5414228 0.2904057 -0.02351685 0.3359116 0.04240534
0.2644173 -0.4784283 0.3416921 0.1038313 0.2157606 0.07984884
0.36604 -0.4561347 0.4091879 0.1754088 0.1398553 -0.008128628
0.2370565 -0.556192 0.4356944 -0.2231761 0.02191183 -0.01361652
0.3154843 -0.5000184 0.4266069 0.068227 0.02269566 -0.002028437
0.2620895 -0.6571841 0.551595 -0.4192803 -0.01359267 0.0005253442
0.4201829 -0.4261894 0.437505 0.1213334 0.08372452 0.01157988
0.2500714 -0.5082427 0.28726 -0.02772052 0.08831952 0.04126531
0.4082399 -0.3923351 0.4861112 -0.04837918 0.0489208 -0.01205233
0.2450114 -0.5899146 0.4823532 -0.3080891 -0.08929691 0.03006209
0.2985141 -0.553219 0.516265 -0.3568607 0.001560494 0.04472784
0.3881457 -0.3651666 0.4714245 -0.004533604 0.01080298 -0.04526587
0.2526784 -0.5404673 0.5579606 -0.543635 -0.02420522 0.02999505
0.2601156 -0.3800697 0.3962932 -0.2307684 0.03456056 0.00922605
0.2215422 -0.4022557 0.3802396 -0.3798057 0.08286286 -0.08390218
0.4165854 -0.4185142 0.4864028 -0.008509668 0.05513551 0.001680286
0.2155824 -0.420811 0.4415952 -0.4396174 0.1208867 -0.07000138
0.2523801 -0.3331799 0.5008535 -0.5983289 0.07629974 -0.1029614
0.2258754 -0.4723469 0.5414629 -0.7367936 0.04171278 -0.09459247
0.2676867 -0.5597989 0.5009637 -0.2723694 0.01166529 -0.08898944
0.2794103 -0.4288641 0.3203648 0.174347 0.1118814 -0.01487438
0.2012296 -0.4593797 0.5214977 -0.8148734 0.1106417 0.02487416
0.3829119 -0.4960144 0.6191439 -0.4712787 0.1782407 0.1068903
0.1895799 -0.4834633 0.5790374 -0.9738261 -0.02313927 0.08276721
0.3168668 -0.416237 0.5716115 -0.6374866 -0.01752247 0.07316631
0.2876304 -0.4438254 0.5386868 -0.6417832 -0.03410131 0.03271211
0.250817 -0.5103965 0.4266773 -0.571089 -0.02845108 0.06754596
0.3995594 -0.5008696 0.5941595 -0.1943899 -0.0387276 0.113858
0.3927337 -0.4588528 0.5226635 -0.1101529 -0.05799254 0.08088829
0.4113101 -0.4543669 0.4835361 0.1718206 -0.07594471 0.07984134
0.2603489 -0.4924655 0.2805148 -0.07476492 -0.04312852 0.1279075
0.4155748 -0.434584 0.4678608 0.07429894 -0.04468468 0.0997493
0.4682094 -0.4146308 0.5009033 0.2070919 -0.03358924 0.06460352
0.4573269 -0.4197543 0.4013714 0.3130715 0.02060603 0.1550946
0.2497297 -0.5048702 0.3812006 -0.3256868 0.04358618 0.03471426
0.4021235 -0.4378259 0.526796 -0.1188675 -0.006424235 0.01112681
0.4401971 -0.4398206 0.5551682 0.05757421 0.006407551 0.02467737
0.2276325 -0.5015566 0.4844721 -0.4670269 0.02672297 -0.01579709
0.3259744 -0.3422358 0.5844868 -0.5286433 -0.007008516 -0.07108093
0.183308 -0.3468855 0.4869159 -0.8061374 0.002568363 -0.1128788
0.3177039 -0.2432601 0.4126416 -0.3004477 0.01703976 -0.1099455
0.2076535 -0.3982764 0.4846959 -0.6258334 -0.01392741 -0.1119783
0.3865157 -0.366367 0.5063381 -0.1485833 0.1476596 -0.08225409
0.211651 -0.4431187 0.4844027 -0.6636767 0.1812174 -0.1000262
0.4253322 -0.4239787 0.6126072 -0.2972531 0.07027948 -0.1054945
0.2584511 -0.5057431 0.5027052 -0.3722652 0.2121879 -0.05095866
0.3405315 -0.4814657 0.691152 -0.5522499 0.06040379 -0.1020504
0.4100703 -0.4784842 0.6758913 -0.3808426 0.01512498 -0.01665694
0.4707072 -0.2963388 0.5173746 0.1009672 0.08051772 0.04341977
0.4913541 -0.2949098 0.5061522 0.2332051 0.1106129 0.1087374
0.5551443 -0.2953147 0.6077496 0.2505056 -0.02760268 0.1052873
0.5871513 -0.2778809 0.5839775 0.3810595 -0.01347128 0.0219365
0.4223906 -0.2474868 0.400868 0.1988688 0.1498401 0.04678744
0.2560161 -0.4759353 0.4984254 -0.4825313 0.1385415 0.04861102
0.4272068 -0.3568147 0.4519989 0.1935579 0.05569466 0.07381401
0.39292 -0.3003234 0.3147769 0.4028805 0.1530179 0.05234108
0.1862332 -0.3441358 0.09036669 0.1542601 0.05794989 0.03053879
0.3542747 -0.3478668 0.3785555 0.2190921 0.05945124 0.0004224533
0.2530722 -0.4205388 0.2694793 -0.03193375 0.2050004 0.07144704
0.2954875 -0.325347 0.3314334 0.003454908 0.01722108 0.0662161
0.2088905 -0.3226753 0.2772693 -0.2878797 0.06218901 0.04734218
0.3982114 -0.2817709 0.3388353 0.2184179 0.0301974 -0.03513623
0.242471 -0.3871404 0.2614771 -0.05690108 0.04156345 -0.01135182
0.4068571 -0.3247144 0.3524409 0.1828493 0.03106753 0.05643525
0.2784338 -0.442005 0.3351051 -0.03757269 0.08082842 0.0715787
0.373371 -0.3855164 0.3608124 0.09651397 0.09591715 0.06279478
0.2097416 -0.354351 0.08078513 0.201424 0.2734645 0.1305114
0.3308209 -0.3452824 0.3144392 0.1710146 0.2496542 0.1138747
0.2111842 -0.3845589 0.1215015 0.1099967 0.1263238 0.04016108
0.3386665 -0.3229979 0.2958547 0.1915769 0.1696135 -0.02273614
0.3691861 -0.3344485 0.4047477 0.2617739 0.1086407 0.009168598
0.3492017 -0.2880184 0.373654 0.0538855 0.08168329 -0.01119498
0.4442557 -0.3185261 0.4744478 0.2806109 0.01599378 -0.01580959
0.231713 -0.3962597 0.3913403 -0.2666807 0.07254684 -0.07060795
0.3823066 -0.3513692 0.3191298 0.3762864 0.004886374 -0.1356165
0.2790017 -0.4704082 0.4655803 -0.2453459 0.1148447 -0.03779959
0.3591196 -0.3195917 0.4214517 0.05865176 0.06289601 -0.03072136
0.429543 -0.2833801 0.4528289 0.1112335 0.06500911 -0.06501185
0.1866117 -0.386378 0.4258758 -0.5858467 0.02824797 -0.05751119
0.4650201 -0.3839407 0.6420503 -0.2063045 0.004622523 -0.06258826
0.3566543 -0.4408052 0.620577 -0.5424464 0.04697803 0.02565114
0.2299353 -0.462 0.4211268 -0.3500918 0.1006471 -0.02405663
0.3036169 -0.4338403 0.569345 -0.3717167 0.004223362 -0.009842076
0.2690863 -0.6339536 0.63053 -0.5817805 0.1282857 -0.08330395
0.3705452 -0.3188128 0.3355294 0.07900308 0.03140816 -0.06600756
0.3858448 -0.1819265 0.2040718 0.3575624 0.04773746 -0.01749712
0.2411586 -0.5046887 0.5172774 -0.4187797 0.03271028 0.002269582
0.353571 -0.387405 0.4500116 -0.1216104 0.01440146 -0.03871514
0.3889033 -0.2058781 0.3455673 0.06895027 0.04513501 -0.07045013
0.1691696 -0.3307204 0.4654144 -0.9426353 -0.01410631 -0.1392155
0.3258559 -0.344799 0.5159766 -0.3665896 0.06822837 -0.05180698
0.2367654 -0.4956802 0.5165284 -0.7247453 0.06090003 -0.05946333
0.2892337 -0.426821 0.378126 -0.2468255 0.1341601 -0.05428662
0.223856 -0.4722197 0.3646086 -0.2591129 0.1117861 -0.07294925
0.3206149 -0.4073011 0.4570703 -0.1496218 0.06408184 0.002276188
0.2705814 -0.5474468 0.4077157 -0.08040938 0.04935239 0.04302821
0.3808336 -0.5595896 0.5540643 -0.07971202 0.006652514 0.09290352
0.3859971 -0.4438624 0.4770632 0.123927 0.07597539 0.11905
0.2710267 -0.556412 0.4748279 -0.28347 -0.02589247 0.01458162
0.4274367 -0.4810067 0.5435935 0.04836945 0.01223451 0.08408819
0.4022113 -0.4075409 0.5276053 -0.0405797 0.02509147 0.06058973
0.2636233 -0.4589705 0.4479505 -0.2778107 0.03764428 -0.03422839
0.3684464 -0.4297297 0.606305 -0.2969232 0.028807 0.03549021
0.3994415 -0.369213 0.5721216 0.01543306 -0.006437423 0.05065784
0.4539888 -0.4255533 0.4821939 0.2023667 -0.07572237 0.06655372
0.3119814 -0.4002235 0.2993841 0.08702822 -0.0173672 0.06740004
0.247317 -0.4697749 0.2460848 -0.05504957 0.004614511 0.07770494
0.4032547 -0.4755057 0.4526747 0.05504386 0.04252724 0.094085
0.3209055 -0.6711665 0.5268345 -0.1378928 -0.0278216 0.1034234
0.3453405 -0.6318266 0.5906458 -0.1070757 -0.01374989 0.05948412
0.2968036 -0.6543995 0.4558893 -0.09292364 0.03867719 0.03445029
0.4472461 -0.5865913 0.4723857 0.2422959 0.06741818 0.08876058
0.2731592 -0.6735697 0.3827148 -0.05645651 0.1670252 0.0172181
0.3123556 -0.546671 0.4377389 -0.1215036 0.06414171 -0.007349202
0.2326689 -0.5671226 0.5218483 -0.6017366 0.05809698 -0.02357744
0.3222362 -0.4882087 0.5787244 -0.3109324 0.005041868 0.03382597
0.2048392 -0.4376725 0.553284 -0.8343124 0.0491634 0.07915495
0.3245583 -0.3752222 0.5803633 -0.5988098 0.01945079 0.07861141
0.2517734 -0.4560156 0.5423948 -0.6873086 0.05953748 0.1009698
0.3839133 -0.3734085 0.6718484 -0.5598036 0.0503431 0.136478
0.3760814 -0.3781535 0.5861273 -0.301309 0.02210543 0.1068824
0.3891909 -0.2964573 0.489198 -0.2833175 0.124305 0.03003453
0.3943071 -0.2377667 0.500331 -0.2216085 0.3084873 0.1250376
0.2236703 -0.420496 0.5182123 -0.6575482 0.2562171 0.1179152
0.357623 -0.3628053 0.5550622 -0.266427 0.1223916 0.1215297
0.2163505 -0.4489132 0.4688572 -0.6086667 0.002792281 0.0803865
0.3419343 -0.2876841 0.5808371 -0.508426 0.002114859 0.03734519
0.3235797 -0.2535255 0.5505713 -0.5143561 0.03512694 0.03724111
0.3537255 -0.295363 0.5787247 -0.488992 0.06496187 0.1044395
0.3721146 -0.3473852 0.6057886 -0.309855 -0.09488437 0.045289
0.4081467 -0.3611624 0.5665268 -0.02867083 0.03094804 0.09680121
0.1869456 -0.3551103 0.2759769 -0.2963037 0.08280681 0.02459277
0.4262386 -0.3710915 0.5715487 -0.06294411 0.06727354 0.02034648
0.2090354 -0.3506252 0.3750172 -0.5646918 0.05267658 -0.0024943
0.3683611 -0.3580904 0.5672212 -0.3435513 -0.01217686 0.05755203
0.3848406 -0.3577717 0.5320238 -0.3337646 -0.03556452 0.002585838
0.1982501 -0.3359753 0.3628978 -0.3531999 0.05435387 0.02261649
0.4786813 -0.3438899 0.6189242 -0.01960809 -0.07867958 0.05221653
0.1799731 -0.31209 0.2722071 -0.3547152 -0.01364695 0.01705072
0.350866 -0.3150913 0.4582762 -0.1187172 0.02349102 0.02089186
0.3731209 -0.2781532 0.3557468 0.04883494 0.1476824 0.0183944
0.1503792 -0.2318002 0.2436395 -0.250861 0.2667693 0.01807115
0.3084575 -0.2782864 0.3925671 -0.1444812 0.1502244 0.00687435
0.2172715 -0.367978 0.3373666 -0.1657985 0.04632625 -0.02825924
0.2988346 -0.2350331 0.3208701 0.0332839 0.05894227 0.009546359
0.2279536 -0.4281262 0.3394276 -0.204786 -0.05738547 -0.009276364
0.3225436 -0.3133786 0.3305718 0.03118103 -0.04356042 0.07049086
0.2818343 -0.5901914 0.3092193 0.03581468 -0.04275823 0.0455477
0.3220973 -0.4628509 0.3666416 0.08851366 -0.01221452 0.06512591
0.1963706 -0.3702984 0.3327495 -0.3061626 0.1237485 0.0150271
0.3027013 -0.3474343 0.2907458 0.05685952 0.02002738 0.05388843
0.1916357 -0.3683146 0.3759035 -0.3858931 0.1933956 0.01921809
0.2850971 -0.2753249 0.3355885 -0.08149901 0.07601718 0.007676192
0.2186619 -0.4300574 0.347438 -0.2376 0.02641501 0.03015162
0.2722482 -0.1780178 0.274351 0.1186459 0.06936391 -0.03575782
0.1968491 -0.2274045 0.2220697 -0.1760378 0.07999704 -0.04683992
0.3019977 -0.3969436 0.3250693 0.2905149 0.04381102 0.01716495
0.2453092 -0.4947549 0.4978