0.1930523 -0.4058621 0.07846405 0.1606512 0.1783358 0.03290096
0.3861274 -0.3872528 0.4060831 0.2319628 0.08621975 0.06047567
0.2340854 -0.5502938 0.2602815 0.1555895 0.1084073 0.04753535
0.2711088 -0.3331403 0.2781188 0.11019 0.2005469 0.04076107
0.1739809 -0.4849789 0.3674765 -0.2682505 0.1328443 0.0420905
0.1398197 -0.3402581 0.3038514 -0.4788665 0.1517963 -0.01027496
0.287416 -0.2888233 0.397504 -0.2217742 0.06900825 -0.04727482
0.2679329 -0.266925 0.2934301 -0.04984223 0.156884 0.006546679
0.1863408 -0.3865132 0.3579952 -0.3903058 0.07756734 0.01068381
0.1903983 -0.4452307 0.4158117 -0.5739549 0.05574509 0.01746452
0.2015596 -0.3676595 0.5635058 -0.9886357 0.07601349 -0.1044192
0.236961 -0.5133979 0.6768916 -1 0.04106165 -0.01939083
0.1480872 -0.3104645 0.4766842 -0.8377107 0.1063587 0.07731691
0.1474781 -0.2639751 0.471802 -1 0.06317138 0.05884894
0.1510541 -0.2756266 0.4899972 -1 -0.01842455 0.03397028
0.1769749 -0.1917865 0.4695198 -0.9440604 0.02715534 -0.02645953
0.3006136 -0.260255 0.6483569 -0.8045467 0.03340451 -0.02861271
0.3006136 -0.260255 0.6483569 -0.8045467 0.03340451 -0.02861271
0.1146547 -0.2463479 0.4667617 -1 0.08622704 0.009357629
0.1843093 -0.337164 0.5448172 -0.902996 0.0635069 0.07885593
0.1598077 -0.2307701 0.443573 -0.7954646 0.1186447 0.0128491
0.2296233 -0.4568369 0.6130131 -0.6662872 0.06876845 0.1228729
0.2018392 -0.3332626 0.4856741 -0.628475 0.01588069 0.04818608
0.2111591 -0.4116951 0.5505385 -0.5686371 -0.0006184016 0.0105151
0.3631439 -0.4415302 0.5240235 -0.1913735 0.1266897 0.02188042
0.1753292 -0.4525743 0.4941149 -0.6018168 0.1000481 -0.002961243
0.152147 -0.2851377 0.4139852 -0.7863045 0.1207362 -0.02835302
0.1218254 -0.2739498 0.3982948 -0.792469 0.1258098 -0.0145409
0.286604 -0.2944229 0.4256767 -0.4157923 0.1022546 -0.05980026
0.1819894 -0.3564566 0.2425584 -0.2285675 0.2056604 0.04457181
0.2693273 -0.2530924 0.1957343 0.1456618 0.2460047 -0.02245949
0.1731013 -0.3299372 0.3767957 -0.3787069 0.1383344 0.04939974
0.1617454 -0.2459595 0.3434425 -0.3188605 0.1019841 0.0008844972
0.1820773 -0.1685782 0.2634189 -0.08283008 0.1589864 0.04536071
0.2247646 -0.111928 0.2155656 -0.03614869 0.1850957 0.03178716
0.178644 -0.1849007 0.1635421 0.01517361 0.1989261 0.1153076
0.3034073 -0.2030315 0.2448773 0.1008412 0.2103233 0.04749422
0.1846486 -0.2809479 0.2046214 -0.02888094 0.2239904 0.07356346
0.3477117 -0.3625425 0.3684474 0.09131142 0.2034703 0.07494126
0.2082433 -0.4208144 0.2406863 0.01649207 0.1955893 0.1124436
0.3937816 -0.1694096 0.3189464 0.3110514 0.1991813 0.06086813
0.1801855 -0.3940697 0.2401184 -0.02332436 0.2268941 0.1555767
0.3832887 -0.4308991 0.4223573 0.2639019 0.07959303 0.1332633
0.2134933 -0.4219698 -0.04772764 0.3789293 0.1826481 0.1081427
0.3929476 -0.3368602 0.3136127 0.4356538 0.140743 0.1244363
0.2340009 -0.5865503 0.3698308 0.1605891 0.02648276 0.1104326
0.3747926 -0.5154982 0.3974335 0.2005678 0.0986287 0.1632735
0.2418362 -0.5655113 0.4605595 -0.3504287 0.04351959 0.05881047
0.3055927 -0.5422162 0.4549048 -0.06675179 -0.04618565 0.1088026
0.3152826 -0.5627813 0.4686939 -0.1353214 0.02193725 0.1196784
0.2934544 -0.483721 0.4040038 -0.0433605 -0.03694738 0.07581409
0.274165 -0.4819073 0.3801726 0.0767737 0.05977466 0.07773814
0.3896529 -0.4103884 0.4722998 0.006092148 -0.02164474 0.09903921
0.2125242 -0.507621 0.4970339 -0.5676072 -0.005005167 0.05595798
0.2607839 -0.6574296 0.6506102 -0.6631219 -0.1629418 0.0797596
0.3012205 -0.5774423 0.5612806 -0.3148816 -0.07935873 0.09620345
0.338911 -0.4755046 0.5360339 -0.3393808 -0.0282776 0.100595
0.1986664 -0.5329926 0.5310606 -0.6490055 0.01059552 0.09942233
0.3333874 -0.4675978 0.5042846 -0.2865134 0.04345681 0.07634132
0.1852225 -0.4070033 0.4099618 -0.5062284 0.03411769 0.01231694
0.2970373 -0.3035369 0.3702237 -0.09063711 0.2443413 0.09243805
0.2116277 -0.4256828 0.2698224 -0.07875143 0.1149512 0.04530279
0.2978816 -0.1534231 0.1203213 0.3017505 0.2024629 0.01220987
0.2103165 -0.2244375 0.06235301 0.1899069 0.1417846 0.0008632446
0.4136672 -0.2741069 0.437818 0.1721122 0.1072265 -0.03764037
0.2505116 -0.451711 0.2803584 -0.02451319 0.1581725 -0.0184811
0.3581443 -0.3551604 0.4303457 0.05238044 0.1377804 -0.05071292
0.2360646 -0.5656947 0.5001344 -0.2908153 0.2329172 0.004241925
0.4004244 -0.5222434 0.4773648 0.238766 0.3797899 0.1737584
0.2430037 -0.5792577 0.4874525 -0.3056087 0.3362045 0.04642867
0.3569842 -0.564438 0.6227371 -0.2151757 0.4079901 0.1213508
0.2622778 -0.6292936 0.4762383 -0.2250066 0.3245159 0.1214032
0.2693096 -0.6060691 0.4240188 -0.06335975 0.2743887 0.07317796
0.3580846 -0.5119956 0.4659551 0.2025548 0.2518301 0.08403141
0.257998 -0.5769422 0.3737096 -0.1681749 0.3109252 0.09812067
0.257998 -0.5769422 0.3737096 -0.1681749 0.3109252 0.09812067
0.4298919 -0.5449174 0.4540752 0.228628 0.2727029 0.02344234
0.2217669 -0.5671605 0.4639942 -0.514958 0.2777115 -0.03325237
0.3994069 -0.5929361 0.7120777 -0.3608623 0.2027268 0.08403509
0.2610071 -0.657921 0.5366684 -0.4191647 0.3218845 -0.03050758
0.4216505 -0.6650035 0.5681445 -0.0163963 0.3024486 0.04161413
0.2857955 -0.7308164 0.7491829 -0.9167718 0.2235949 0.03039574
0.4010053 -0.692803 0.7855464 -0.6654655 0.2101047 -0.01726503
0.2722628 -0.7403464 0.7102196 -0.8869493 0.2388635 -0.001567417
0.3347348 -0.7482168 0.9069109 -0.9634503 0.1449511 -0.05910706
0.280503 -0.7471026 0.73423 -0.7361877 0.2009051 0.04813322
0.4226851 -0.7064801 0.6063121 0.1355201 0.2628367 0.09798492
0.5976805 -0.5889279 0.6081622 0.351955 0.1901316 -0.002486482
0.2819183 -0.6847566 0.4548432 0.09885425 0.1948246 0.01072745
0.4241185 -0.6935029 0.5274343 0.155854 0.1982989 0.03434978
0.2657924 -0.733743 0.3741974 0.1438971 0.1983758 0.06962214
0.335034 -0.7294217 0.4099014 0.1264977 0.142302 0.1028661
0.3724999 -0.7860969 0.6616794 -0.2046509 0.1127969 0.1557141
0.2611814 -0.8275595 0.5993611 -0.3832547 0.0124234 0.1285832
0.2897151 -0.7396989 0.4184712 -0.004890755 0.125809 0.1213407
0.4204318 -0.6817108 0.4706627 0.2034948 0.1647027 0.1627693
0.2689394 -0.662138 0.3182466 -0.02421146 0.166806 0.1174416
0.372357 -0.5976685 0.5794335 -0.04700903 0.008613544 0.06764485
0.2723039 -0.6441202 0.4868931 -0.1467115 0.06403627 0.1628736
0.2857281 -0.6350409 0.4708929 -0.1242126 0.04155106 0.1289252
0.3196676 -0.5322105 0.3593456 0.1896114 -0.02618866 0.1055599
0.2858873 -0.6575139 0.4379951 -0.06030298 0.07970951 0.06994534
0.2942253 -0.6316237 0.4181978 -0.08461437 0.06386795 0.08012327
0.3813067 -0.6142012 0.549901 -0.09902973 0.01768316 0.04261205
0.243391 -0.5058073 0.4812941 -0.5148505 0.1934115 0.06793214
0.4145251 -0.4700964 0.541124 -0.1466742 0.09941132 0.07150322
0.2539409 -0.5286905 0.4438251 -0.4203067 0.1170982 0.07586501
0.3918043 -0.4030924 0.4423973 -0.0429009 0.1459905 0.039063
0.2583264 -0.4977152 0.4406441 -0.3055794 0.1041801 0.01558843
0.5175408 -0.5335004 0.5432347 0.1627957 0.1378677 0.1009133
0.4465042 -0.4565662 0.4147134 0.253905 0.07635164 0.1272594
0.4547616 -0.4190565 0.4370861 0.1646031 0.0750675 0.06674261
0.2258492 -0.4725658 0.2295969 -0.1386404 0.2309023 0.08652318
0.3858965 -0.5046291 0.4756072 0.1028573 0.147114 0.1041091
0.2784767 -0.6165879 0.4522464 -0.2065334 0.1629827 0.05583431
0.3709667 -0.6411787 0.5848665 -0.08386803 0.1940441 0.03921453
0.2953048 -0.6807964 0.480946 -0.2052639 0.3178227 0.1163334
0.3433485 -0.4870394 0.3963816 0.1632983 0.2850306 0.1521031
0.2876147 -0.5733804 0.4278635 -0.08496132 0.3422883 0.1673544
0.3387056 -0.6165407 0.4595566 0.0003342824 0.3140497 0.1520144
0.3039608 -0.7347878 0.542698 -0.2366366 0.2056869 0.117376
0.3491645 -0.5843007 0.4047065 0.03652393 0.1554097 0.09115841
0.3034853 -0.69168 0.5126696 -0.3426079 0.03401723 0.05404751
0.3491844 -0.4162376 0.419699 0.1007295 0.08291005 0.07915743
0.2723702 -0.5101642 0.4032573 -0.08953243 0.1074656 0.1256715
0.3986042 -0.4116568 0.4374274 0.06536079 0.1213821 0.1405014
0.2642944 -0.52915 0.4642493 -0.302449 0.04435745 0.1066027
0.3511783 -0.4662704 0.4017519 0.1174896 0.002733281 0.09490237
0.2751467 -0.5189819 0.3464896 -0.16511 0.09674086 0.09131157
0.3053269 -0.373568 0.3547903 -0.1372194 0.04578224 0.02090628
0.2232517 -0.4077166 0.3326966 -0.3033185 0.09119749 0.01248161
0.3948492 -0.3848257 0.5159463 -0.07633461 0.1245925 0.01156578
0.2546542 -0.5305607 0.4745987 -0.3080728 0.03989087 0.02493456
0.2862103 -0.397466 0.3276874 -0.02086252 0.1459336 0.02003688
0.2405091 -0.5760177 0.466392 -0.2413367 0.1159248 0.03068967
0.3411604 -0.4634096 0.6001983 -0.4039669 0.1253749 0.01935374
0.3787288 -0.4360268 0.6235575 -0.2502167 0.08342846 -0.007903022
0.224222 -0.5276031 0.5722226 -0.5240316 0.1912821 0.07500475
0.2259335 -0.5221284 0.5217329 -0.5296482 0.1409245 0.01941402
0.366453 -0.520002 0.7729259 -0.7659253 0.06410377 0.002297328
0.4036981 -0.436727 0.6199563 -0.5741969 0.353061 0.04964414
0.3725278 -0.4669514 0.6305612 -0.4627908 0.370355 0.0906035
0.3236455 -0.4489948 0.6166427 -0.4142573 0.3351631 0.03943481
0.3389212 -0.4593056 0.6117207 -0.5759853 0.3484665 0.07071289
0.3762793 -0.5154788 0.7538181 -0.4469082 0.2814401 0.1353054
0.4217472 -0.5093418 0.6747037 -0.2393937 0.2679164 0.08800066
0.3348356 -0.4493113 0.6193505 -0.4068205 0.1779038 0.0488202
0.2195927 -0.5054283 0.6795825 -1 0.1430276 -0.01500085
0.2926449 -0.5478147 0.7864652 -0.9737179 0.2568086 0.04226659
0.3750135 -0.6208381 0.8538338 -0.9995737 0.07988905 0.0204207
0.2813653 -0.6549646 0.825673 -1 0.1082292 0.05890834
0.2971024 -0.6359641 0.8084683 -1 0.1820809 0.049476
0.3076021 -0.6291689 0.8778102 -1 0.06237677 0.06182776
0.2856958 -0.652159 0.8685406 -1 0.007494408 0.02895126
0.253722 -0.6030948 0.7927384 -1 -0.0002122665 -0.01402651
0.2742718 -0.7258681 0.8855966 -1 0.04487281 0.0300224
0.277785 -0.7366866 0.8987426 -1 0.07375943 0.07099191
0.2611951 -0.6678662 0.8908129 -1 0.07900517 -0.02398968
0.2733558 -0.7118293 0.9647073 -1 0.08413548 -0.03515804
0.3348189 -0.6959415 0.8988589 -1 -0.01652702 -0.001737088
0.3791904 -0.5771734 0.8685673 -1 0.1782022 0.02417258
0.2522333 -0.6383945 0.7194343 -0.9660705 0.05853342 0.005962333
0.3646369 -0.5583999 0.7341204 -0.7872991 -0.001703787 -0.03178376
0.250373 -0.6383495 0.7903466 -1 0.1081761 0.06055705
0.224991 -0.5698215 0.6526222 -1 0.09361081 -0.01878138
0.2761093 -0.592809 0.7858108 -1 0.01748342 -0.04114345
0.2546374 -0.6168464 0.7732306 -1 -0.02134872 -0.02568691
0.2040468 -0.5308163 0.6417678 -1 0.1662378 -0.05520494
0.3110172 -0.4841302 0.7186821 -0.918324 0.0764991 -0.002679976
0.182938 -0.3299802 0.6712511 -1 0.09404778 -0.0702392
0.2537689 -0.4486876 0.8220849 -1 0.0396174 -0.0212268
0.2070805 -0.4650717 0.7560363 -1 -0.01032102 -0.06127565
0.2237658 -0.4990222 0.827785 -1 0.01787412 -0.03058074
0.1974507 -0.4566776 0.8544363 -1 0.1764342 -0.04287197
0.1976995 -0.4637146 0.8564449 -1 0.09158519 0.02354288
0.220564 -0.5294191 0.923225 -1 0.04801603 0.009143531
0.2399485 -0.5810705 0.814797 -1 0.1069525 0.0480011
0.2072693 -0.5546363 0.9035617 -1 0.1599409 -0.05321306
0.2369066 -0.6147306 0.792719 -1 0.1562703 0.03326392
0.235897 -0.7081391 0.8195695 -1 -0.02060083 0.0224087