0.2577671 -0.6558958 0.7427686 -1 -0.0009523402 0.1003386
0.2585053 -0.6685034 0.6670976 -0.813661 0.09384642 0.1230815
0.2563624 -0.5879294 0.4541005 -0.4834342 0.4546994 0.2424654
0.3095584 -0.5970697 0.6344382 -0.514111 -0.02176563 0.1637639
0.3393746 -0.5852954 0.5636081 -0.2839793 -0.0142597 0.2343181
0.2380131 -0.5754954 0.6113424 -0.888181 0.08192486 0.1020369
0.301726 -0.6349812 0.7324051 -0.9014861 0.07410798 0.1131072
0.4265161 -0.5621229 0.5742592 -0.2353318 0.1330134 0.1649609
0.2474859 -0.6711408 0.6204785 -0.9107717 0.04268652 0.09646927
0.2790278 -0.5295633 0.6898566 -1 0.02285313 -0.01538523
0.2893565 -0.4504401 0.5235223 -0.6539162 0.008290107 0.07795715
0.2575466 -0.6078482 0.5893739 -0.7500955 0.01198309 0.1441916
0.3155267 -0.4577474 0.5054638 -0.4455678 0.06917762 0.1134301
0.2593066 -0.5860314 0.5398692 -0.6148719 0.113325 0.1612449
0.3318047 -0.6098172 0.5859277 -0.4967399 -0.02352257 0.07689784
0.2236573 -0.5909451 0.5110774 -0.6068349 -0.05818789 -0.07008453
0.3634106 -0.4717564 0.6601175 -0.6158964 0.004869674 -0.05333168
0.2543198 -0.525238 0.6368454 -0.9062445 -0.0276968 -0.07039463
0.2701966 -0.4279965 0.5259305 -0.6793574 0.02652205 -0.01786557
0.2404878 -0.5250393 0.5662917 -0.8213879 0.07134468 0.09275588
0.2935963 -0.4800953 0.4713445 -0.3840138 0.05086518 0.04894322
0.2218937 -0.5820197 0.567743 -0.7514874 0.04917046 0.0661635
0.2712692 -0.4890459 0.5033287 -0.4525524 0.09092145 0.03172884
0.2627789 -0.6105941 0.7317644 -1 0.05250535 0.01049011
0.2366041 -0.6010303 0.6708027 -1 0.02720383 0.02103412
0.2701404 -0.7127566 0.7351245 -0.8243226 0.074789 0.1162783
0.246896 -0.6429934 0.6304407 -0.873284 0.02002865 0.04635745
0.2941106 -0.5823743 0.5874434 -0.685856 -0.04534004 0.02556212
0.2911884 -0.5313427 0.5249416 -0.3129889 -0.0003206814 0.081314
0.2042869 -0.4114101 0.3402979 -0.3791701 0.07116915 0.01213863
0.3187229 -0.4478029 0.4642928 -0.2487936 0.02851456 -0.02089216
0.2294476 -0.4662802 0.520852 -0.6592227 0.009514002 0.0381593
0.3231432 -0.3899331 0.4428832 -0.0746977 0.09025263 0.02817762
0.1834856 -0.3582132 0.3345033 -0.2686007 0.1457821 0.03722933
0.4250231 -0.339979 0.4789068 0.01715193 0.1024426 0.02063055
0.3569843 -0.265385 0.493687 -0.206673 0.1382067 -0.02610495
0.4029632 -0.2904755 0.5226553 -0.1029775 0.1074544 0.05128416
0.3710135 -0.2969336 0.4356332 -0.08142259 0.147252 0.100008
0.3390366 -0.324231 0.5555827 -0.3051178 0.05371783 -0.05469258
0.2397114 -0.4370817 0.4903955 -0.5268111 0.01855875 -0.07176951
0.307706 -0.3575161 0.4836607 -0.3223917 0.2402432 -0.01442688
0.2226184 -0.3880332 0.4683311 -0.3410802 0.2995247 0.07262968
0.348726 -0.3874451 0.5251422 -0.2090848 0.1443579 -0.05249116
0.3411942 -0.3827625 0.4695932 -0.2212954 0.1661678 -0.07224989
0.2741651 -0.5084907 0.5054071 -0.2787114 0.1099441 0.03509231
0.2319614 -0.5295207 0.4216419 -0.340793 0.1821577 0.1069665
0.2748468 -0.5409651 0.468268 -0.2362133 0.1272798 0.1344852
0.2917454 -0.3186731 0.3619156 0.04978269 0.1303035 0.1214073
0.1832023 -0.293831 0.2449524 -0.1658744 0.1475195 -0.0283482
0.2571866 -0.3240162 0.3048309 -0.01966419 0.121372 0.04590922
0.2772522 -0.20999 0.1153964 0.2103406 0.1009731 0.07769742
0.2440773 -0.1384344 0.08009696 0.06741256 0.127717 0.05910747
0.1872627 -0.1487006 0.1115233 -0.03102146 0.1236043 0.02495266
0.3802752 -0.3135546 0.3716825 0.3777389 0.004524011 0.1160885
0.1958217 -0.2301911 0.1217237 0.1934787 0.2755528 0.01493009
0.1954322 -0.1402978 0.01481876 0.2145103 0.1392831 0.02469031
0.1867839 -0.1513467 -0.01016742 0.2127197 0.08412603 0.0456308
0.214728 -0.1738977 0.02838955 0.1993214 0.1424811 0.08181612
0.2008642 -0.08507529 -0.0616655 0.2025015 0.0642537 0.02249854
0.2022586 -0.05351278 -0.09056631 0.1671749 0.05124395 -0.007479256
0.2455602 -0.08699466 0.106777 0.261591 0.08971241 -0.0048179
0.2340512 -0.06605873 0.0550821 0.2213776 0.09307359 0.0428073
0.3149467 -0.2025341 0.1525319 0.3547187 -0.01524308 0.07317479
0.2956601 -0.1533801 0.1888298 0.2840632 0.06841248 0.02099313
0.2626437 -0.07665628 0.1017047 0.2600652 0.06803699 0.03122282
0.2144138 -0.1229142 0.09297188 0.04913342 0.1041748 0.01809291
0.1956737 0.0311605 -0.03044825 0.3043734 0.1550956 0.007776442
0.2401586 -0.02142511 0.08573824 0.2911835 0.1031504 -0.03552269
0.2685191 -0.05577479 0.1131884 0.3042021 0.12919 0.006811608
0.2425085 -0.1570588 0.1167494 0.1177371 0.09469546 -0.08714858
0.2380812 -0.1390992 0.1010979 0.2693993 0.1176273 -0.02703207
0.2686037 -0.1268734 0.1625396 0.2370624 0.1446108 0.02876328
0.2891502 -0.1423925 0.1156626 0.2982801 0.1552779 0.02241723
0.3126245 -0.1176765 0.2203892 0.2938151 0.08523811 0.08452119
0.2693179 -0.2787696 0.1880146 0.1553832 0.1917495 0.06623904
0.2923489 -0.2966151 0.3117526 0.08980498 0.1358404 0.1434235
0.3694524 -0.1516917 0.2887736 0.2774637 0.1067458 0.04520194
0.2699863 -0.3386724 0.3123782 0.06761113 0.07885154 0.1075683
0.2932779 -0.2847418 0.2140301 0.2456302 0.05793074 -0.02854576
0.3474404 -0.2964228 0.2351635 0.3546652 0.07629641 0.1170127
0.2699203 -0.3713852 0.2765719 0.1543016 0.08425787 0.01035415
0.3994393 -0.2796902 0.3018758 0.3379461 0.0627175 0.1374265
0.2718041 -0.3722721 0.2463949 0.0824651 0.2563518 0.1217758
0.3594917 -0.2878646 0.290886 0.3529226 0.1055516 0.1030974
0.2606104 -0.3924773 0.2308941 0.16348 0.07817669 0.06323614
0.244958 -0.1801599 0.1671362 0.1787326 0.1188704 0.06178461
0.2927004 -0.2019492 0.2441694 0.2062487 0.1650432 0.1510347
0.2739346 -0.3042311 0.2126381 0.1895646 0.1444686 0.1513945
0.2688173 -0.2526084 0.1584043 0.1984235 0.1548162 0.08884257
0.2989524 -0.1948911 0.180251 0.2394203 0.1950656 0.07466096
0.3479665 -0.2438354 0.1969677 0.3438472 0.1408718 0.1564327
0.3452229 -0.2047959 0.2297002 0.323953 0.115397 0.139861
0.2401493 -0.3107363 0.2159917 -0.006379317 0.09192674 0.1064103
0.2318275 -0.3125793 0.1254233 0.2548864 0.08128192 0.0760204
0.1987037 -0.1827955 0.05187002 0.1837786 0.1098075 0.07906159
0.1831217 -0.2404434 0.1679881 -0.1113076 0.1420011 0.09078155
0.2141467 -0.2099664 0.002166327 0.06608402 0.09333609 0.09560574
0.1702405 -0.03801718 0.001707716 -0.1390941 0.0436605 0.005466312
0.2593269 -0.07670262 0.01974615 0.1157709 0.07454002 0.03890331
0.2484822 -0.08903738 0.1800521 0.1156473 0.1098272 0.08249211
0.2444093 -0.07389356 0.1391838 0.1076526 0.09457293 0.01499105
0.2354702 -0.0573681 0.04072829 0.1443294 0.1939143 -0.007312304
0.2015626 -0.02228209 -0.06300256 0.03012856 0.01474966 -0.01524039
0.162283 -0.0200324 -0.06129745 0.03394333 0.09510078 -0.008565499
0.1939148 0.003420886 -0.0237573 0.003581668 0.05708079 -0.03461666
0.2554076 0.04395577 0.03738891 0.05868854 0.04895376 -0.022064
0.2538066 0.02547464 0.09831412 -0.04331549 0.02431701 -0.03806381
0.2544378 -0.04343901 0.1445978 0.0380406 0.04231645 -0.04155017
0.2605352 -0.05297974 0.1358153 0.01818167 0.08006059 0.04250343
0.2540876 -0.1281781 0.1510254 0.02553707 0.045221 0.05635127
0.1469152 -0.1084534 0.01127332 -0.03106241 0.167225 0.1350967
0.1809298 -0.1360636 0.02140374 0.08379511 0.19513 0.1663443
0.2723191 -0.1387258 0.04380124 0.05598669 0.2314517 0.1847378
0.2556132 -0.1522315 0.1407658 -0.005758109 0.1692951 0.08819702
0.2308308 -0.1674096 0.2047527 0.1133885 0.1813809 0.1374341
0.1846232 -0.1620566 0.1456918 -0.2122961 0.1685669 0.06855814
0.2088832 -0.2076371 0.1948885 -0.0348154 0.1408796 0.1146535
0.209249 -0.2184983 0.1958374 -0.0129783 0.1197886 0.1272315
0.1678967 -0.2562033 0.2117562 -0.375413 0.1395193 0.1441721
0.1841054 -0.2948916 0.1828827 -0.2464679 0.135369 0.1321276
0.2006937 -0.2740055 0.3006513 -0.2582149 0.1171267 0.07219049
0.1877547 -0.289632 0.3083903 -0.3698948 0.08599901 0.07389802
0.2125544 -0.2679915 0.2381676 -0.2364521 0.2202964 0.1714502
0.1570277 -0.290396 0.3061058 -0.4419572 0.2933508 0.1686214
0.1393138 -0.2728496 0.2172249 -0.3126959 0.161865 0.1020016
0.1642 -0.2410354 0.1710165 -0.2123078 0.1183923 0.1312142
0.1677023 -0.2017486 0.06867422 -0.03358112 0.2472022 0.1180217
0.1707984 -0.09395228 0.01474446 0.1528256 0.2684346 0.126427
0.1474215 -0.1689715 0.06203597 -0.0410587 0.09810815 0.08087388
0.1830578 -0.3079502 0.1179003 0.0002603764 0.1387416 0.1328846
0.1373669 -0.2089485 0.1760865 -0.1169611 0.07406431 0.1018474
0.1632225 -0.1939105 0.06249489 -0.02721228 0.09865824 0.07927059
0.1665205 -0.1621065 -0.008398745 0.0918121 0.3643147 0.1849898
0.1326854 -0.03593324 -0.02236554 0.08163353 0.1462624 0.1188814
0.1893998 -0.1220075 0.01584305 0.164361 0.09146217 0.09056838
0.1828955 -0.0984282 0.06937148 0.03214975 0.2177084 0.1484583
0.1754256 -0.1072915 0.06726647 -0.01184401 0.3553006 0.1982656
0.1591857 -0.1091617 0.04338666 -0.04164466 0.3646613 0.1781307
0.1427943 -0.07050164 0.01484765 -0.07594866 0.3271464 0.1645491
0.1636136 -0.07775021 0.09827471 -0.102093 0.1184535 0.08175616
0.196437 -0.1730435 0.1712111 0.03753867 0.07952493 0.1449831
0.1943071 -0.1964165 0.1315991 -0.04163587 0.1039202 0.1165702
0.1620461 -0.1511775 0.09519661 -0.04607199 0.1256857 0.07244509
0.1945569 -0.2539506 0.2999136 -0.1718486 0.09259175 0.1661364
0.09030943 -0.1487705 0.213942 -0.631107 0.09180417 0.0007129984
0.06697408 -0.07570526 0.244014 -0.8703209 0.04644398 -0.01907307
0.09230275 -0.1449068 0.3668519 -1 0.006840454 -0.007408212
0.1394777 -0.1923048 0.5162395 -1 -0.04238693 0.01506638
0.1028419 -0.01601552 0.3886704 -1 0.002824887 -0.005194925
0.1203706 -0.07376862 0.4091411 -1 0.01113559 0.0454435
0.145459 -0.1768234 0.4290114 -1 -0.06185259 0.09076669
0.1258556 -0.07675235 0.388856 -1 0.01147509 0.08716925
0.1319326 -0.06239461 0.410963 -1 -0.06204785 -0.08323078
0.1375073 -0.07215267 0.4212819 -1 0.01868029 -0.0162998
0.1434998 -0.1105145 0.4548825 -1 0.01935531 -0.02586024
0.1329196 -0.1865437 0.4276067 -1 0.01440989 -0.03503394
0.183292 -0.333983 0.5338176 -1 0.004639354 -0.01039522
0.1971316 -0.4143067 0.5589949 -1 0.005956175 0.04262215
0.1700715 -0.3367383 0.5846883 -1 0.0609634 0.1056886
0.1892628 -0.3509491 0.632 -1 -0.04217979 0.0679595
0.2059293 -0.4134302 0.7043198 -1 -0.01560514 0.1179353
0.1521633 -0.3053856 0.5703444 -1 0.04077015 0.07938801
0.1824652 -0.3613558 0.6223785 -1 -0.0235775 0.03212703
0.1866997 -0.3377415 0.6406957 -1 -0.09334593 -0.02858553
0.1510926 -0.2893794 0.5939089 -1 -0.044398 -0.02731022
0.1328399 -0.1971967 0.5537277 -1 0.03477622 -0.02131007
0.1519136 -0.2013883 0.5536428 -1 0.05966814 -0.0734668
0.1844138 -0.3449036 0.6348543 -1 0.04526945 0.04267624
0.1560236 -0.221898 0.5399741 -1 0.04778556 -0.02389581
0.1871339 -0.2360228 0.5990641 -1 0.05241784 0.02397081
0.1727547 -0.2850123 0.6473392 -1 -0.004324232 -0.03202251
0.1520149 -0.2528672 0.5192744 -1 0.05941006 -0.03996368
0.1696188 -0.2601174 0.5947029 -1 0.03070987 0.02360864
0.2033769 -0.3631568 0.6285908 -1 0.001574143 0.06706376
0.1680692 -0.3275612 0.5940771 -1 0.05003601 0.06826928
0.1995306 -0.3878156 0.6407377 -1 -0.03971697 0.03160525
0.1909946 -0.4159891 0.6172322 -1 0.07656744 0.02817465
0.179724 -0.3755123 0.5978187 -1 0.05048095 -0.0003449457
0.1999408 -0.3950852 0.5651173 -1 0.03623692 -0.0386586
0.1373668 -0.3026532 0.