0.24475 -0.4496939 0.5914996 -1 0.05295064 -0.02508336
0.2011497 -0.4735075 0.6191482 -1 0.01616853 -0.1162636
0.2032072 -0.4360281 0.5708453 -0.9917917 0.02091369 -0.05907578
0.2547598 -0.5267239 0.5788693 -0.8059569 0.0002735913 -0.002824515
0.242252 -0.4471746 0.5103317 -0.7974983 -0.06192097 -0.03510293
0.2818893 -0.5328357 0.7091876 -0.8536679 -0.07537296 0.06621932
0.2510243 -0.4457234 0.5186934 -0.7465721 -0.1023444 -0.02290058
0.2510275 -0.4657829 0.6316779 -0.9033018 -0.1244325 -0.04877767
0.2438825 -0.5999179 0.6195517 -0.9745277 -0.0005682893 0.05945194
0.2786518 -0.39158 0.712385 -1 0.2150851 0.1218111
0.1990261 -0.4344061 0.6397908 -1 0.2783935 0.1025368
0.2336022 -0.5326066 0.7090076 -1 -0.00986381 0.02112246
0.2342577 -0.6034239 0.6797251 -1 0.05990123 0.07478106
0.2373655 -0.5925229 0.7376027 -1 -0.04817327 -0.02694112
0.1798777 -0.5123072 0.6472678 -1 0.2248797 0.02713998
0.1652529 -0.3452967 0.6060437 -1 -0.0003357809 -0.0008346208
0.1966015 -0.4308538 0.6303124 -1 -0.04281821 -0.08815739
0.2213281 -0.55464 0.6709368 -1 -0.0290991 -0.05813779
0.1625627 -0.2680761 0.534692 -0.962038 0.02008711 0.04106043
0.1508849 -0.3042892 0.6370385 -1 0.09079339 -0.1079498
0.2244711 -0.4217146 0.619628 -0.9765792 0.1356852 0.0487976
0.2511352 -0.6424274 0.7633899 -1 0.140593 0.08769409
0.2137137 -0.5740699 0.7146641 -1 0.09072404 0.0534772
0.3045236 -0.4821469 0.65991 -0.7441465 0.1774166 0.1483126
0.2448329 -0.5505311 0.6116286 -0.8084647 0.1064426 0.1455926
0.2555673 -0.6225736 0.7451925 -1 0.01963267 0.1905084
0.2970036 -0.5287186 0.5968672 -0.4474599 -0.05001042 0.04379496
0.2314662 -0.6455786 0.7198463 -0.8853758 -0.05824967 0.07321498
0.237496 -0.642632 0.743919 -1 0.01442088 0.1369864
0.2447179 -0.6205168 0.7926161 -1 0.0573568 0.04803247
0.2587387 -0.6473723 0.8309845 -1 -0.03549321 0.06702133
0.2619422 -0.6959159 0.8630694 -1 -0.04363915 0.1271943
0.2737339 -0.6940517 0.7274459 -0.9274451 -0.04520568 0.1352636
0.2356147 -0.6030265 0.76636 -1 -0.004319967 0.1083049
0.2587929 -0.5456601 0.7849579 -1 -0.07483014 0.006879322
0.2505074 -0.5088479 0.6676667 -1 -0.04819604 0.07616741
0.2848779 -0.4982319 0.6359821 -0.8824706 -0.06067687 0.03688119
0.2462603 -0.568128 0.5812178 -0.7635881 -0.04285245 0.07642145
0.2479185 -0.6864557 0.6637044 -0.7072905 -0.1535852 0.1553339
0.2739588 -0.5430827 0.4004399 -0.2522002 -0.02287512 0.1612861
0.2536134 -0.592469 0.4453923 -0.2375357 0.06020335 0.1055624
0.2612407 -0.5133871 0.5096223 -0.5965582 0.000299549 0.05227756
0.2877228 -0.5521632 0.6316551 -0.6873716 0.09986686 0.1038165
0.2235484 -0.3924317 0.49155 -0.7555333 0.09007268 0.05976014
0.2766644 -0.4413686 0.6072287 -0.5529982 0.2006388 0.2364455
0.2381608 -0.5696434 0.648455 -1 0.08876641 0.08052355
0.2846704 -0.5283986 0.6498917 -0.5870581 0.03473627 0.09080349
0.2949632 -0.5322246 0.5313236 -0.2434816 0.03116445 0.1769566
0.2484782 -0.7114831 0.6298084 -0.7948427 -0.01979794 0.1313222
0.2553416 -0.6606417 0.6320912 -0.8125438 -0.01045784 0.09715994
0.3434789 -0.642863 0.682849 -0.6530165 -0.03084991 0.1000537
0.2888878 -0.6677278 0.6234266 -0.6704412 0.06581698 0.1873929
0.2744835 -0.529214 0.6212608 -0.7447376 -0.01561335 0.08611422
0.2872226 -0.6907708 0.7800359 -0.9850854 0.04375047 0.1249838
0.3178617 -0.6137711 0.7437446 -1 -0.0433342 0.05744122
0.2275363 -0.5974962 0.8294916 -1 0.03215558 -0.01187946
0.3382136 -0.5329655 0.8853841 -1 0.2774523 0.1142553
0.3217127 -0.5344762 0.8918325 -1 0.08818209 0.03390658
0.3615635 -0.5922315 0.8906173 -1 0.02901383 0.08323612
0.3598298 -0.6259488 0.8749722 -1 0.04684976 0.1787811
0.3990788 -0.7700689 0.9512411 -1 -0.01463398 0.1681349
0.4626479 -0.850825 1 -1 -0.07379933 0.1961611
0.3559868 -0.7228618 0.9313734 -1 -0.04205168 0.0987211
0.4339986 -0.7223963 0.9141312 -1 -0.07569758 0.1241844
0.4319873 -0.6754475 0.8788844 -1 -0.1084908 0.1126108
0.2812255 -0.7295932 0.8486696 -1 -0.03340296 0.1513976
0.3805617 -0.6822575 0.8697529 -1 -0.08755064 0.144557
0.2469093 -0.5836712 0.8478174 -1 -0.001812292 0.1973768
0.3398588 -0.6177027 0.7921633 -0.9495826 -0.1071521 0.1671117
0.3159436 -0.5712915 0.6214862 -0.739723 -0.02275738 0.1560821
0.3188969 -0.566002 0.6530133 -0.7619358 -0.03328108 0.1820966
0.2462407 -0.6312827 0.6429942 -1 -0.03574983 0.1401283
0.2221454 -0.4975944 0.707683 -1 -0.06371494 0.2015355
0.2401075 -0.5622444 0.7091241 -1 -0.1362748 0.1147772
0.2174603 -0.4897731 0.7342233 -1 -0.05904516 0.07782008
0.1830146 -0.3910891 0.6357649 -1 0.02463354 0.06578869
0.1680063 -0.3102084 0.5952164 -1 0.008442743 -0.01690654
0.1763747 -0.3306555 0.5688244 -1 0.06491192 -0.0794298
0.270302 -0.4363609 0.6010321 -0.7814682 0.1987998 -0.02595075
0.3015756 -0.4828056 0.6415557 -0.7379846 0.1757901 -0.03949238
0.3361877 -0.6704062 0.7201638 -0.5667402 0.1330377 -0.02074312
0.3286667 -0.6212738 0.621002 -0.3623405 0.1323263 -0.03146142
0.2405526 -0.5600981 0.506916 -0.5744144 0.1774085 -0.06517366
0.2586049 -0.5508485 0.5084485 -0.4371386 0.1801822 -0.04537469
0.3068579 -0.5227604 0.46864 -0.1302725 0.1435894 -0.01456468
0.3621948 -0.5460343 0.5741735 -0.07977466 0.1067011 0.04672298
0.2241206 -0.3377805 0.5074926 -0.7697421 0.1203558 0.1139926
0.2710203 -0.3055706 0.5044472 -0.4823598 0.1152651 0.0835239
0.2254537 -0.3749971 0.5546926 -0.659713 0.114363 0.07641485
0.2342004 -0.3636697 0.4622725 -0.5128281 0.05363112 0.06306132
0.2183038 -0.4386678 0.5165679 -0.6334935 0.05798623 0.06349182
0.2472847 -0.4814364 0.6179876 -0.7337361 0.0382616 0.05411766
0.2871703 -0.3791641 0.5627747 -0.5722504 0.03365918 0.03891542
0.2842337 -0.5243722 0.6184096 -0.7978128 0.01417489 0.1492523
0.2275991 -0.5669571 0.7409994 -1 -0.006569534 0.1396794
0.213521 -0.3599314 0.5916395 -1 -0.02706558 0.04603003
0.2110459 -0.287224 0.4857829 -0.9353904 0.01201435 0.1086375
0.225182 -0.253329 0.1468077 -0.4004659 0.01222533 0.06147649
0.1853329 -0.2439533 0.1246124 -0.3074115 -0.001889261 0.1402419
0.2154025 -0.2434992 0.1280102 -0.2329545 0.0497767 0.1327229
0.2843107 -0.3201644 0.2817452 -0.2284832 0.07610065 0.1320187
0.228555 -0.3283888 0.7587126 -1 -0.01809904 0.06828275
0.2389087 -0.5066554 0.844074 -1 -0.023092 0.02892633
0.2599086 -0.5850469 0.9041449 -1 -0.04239606 0.07929173
0.256552 -0.5545808 0.9476663 -1 -0.06826885 0.1090473
0.2324831 -0.4737717 0.8665916 -1 -0.0931903 0.08597022
0.2203937 -0.4420688 0.8124118 -1 -0.02577624 0.1152126
0.2340664 -0.500442 0.8497775 -1 -0.06511633 0.05796298
0.2381372 -0.3774752 0.7662012 -1 0.01181419 0.1268141
0.158912 -0.2503703 0.6602775 -1 0.04208763 -0.0005393783
0.1792416 -0.2850474 0.7910733 -1 0.05742064 0.1223752
0.1435535 -0.1143932 0.645348 -1 -0.01568048 -0.05521856
0.1571616 -0.1653328 0.7096956 -1 -0.04800669 0.002183827
0.1362279 -0.1660695 0.6820982 -1 0.009985483 0.01726449
0.1364344 -0.1076206 0.6311898 -1 0.06444614 0.06680381
0.1618723 -0.1460523 0.6412219 -1 0.08397487 0.06950393
0.1620717 -0.1610663 0.6163582 -1 0.1128451 -0.01058008
0.1648173 -0.1625824 0.6527397 -1 0.05729086 0.06971227
0.1715021 -0.2141069 0.6612003 -1 0.02433794 -0.004460258
0.1610221 -0.2217918 0.6502519 -1 0.01166339 -0.03045466
0.2221728 -0.2492804 0.7956165 -1 -0.02945537 -0.02139035
0.197643 -0.3175466 0.8023256 -1 -0.01767413 0.02293978
0.1839834 -0.3060327 0.6572481 -1 0.08471182 0.04163163
0.220846 -0.3695045 0.7125554 -1 0.07046326 0.01317582
0.1636465 -0.2494514 0.6214939 -1 -0.09424822 -0.05060031
0.1862794 -0.2467862 0.6612187 -1 0.04630955 0.02982071
0.1691823 -0.2646751 0.6015741 -1 -0.01146107 0.000321114
0.1438915 -0.1998775 0.6117091 -1 -0.05175663 0.02104173
0.1551212 -0.2431108 0.6051666 -1 -0.05534506 -0.07701471
0.1283868 -0.1520808 0.4369313 -1 -0.02058106 -0.09872083
0.1291301 -0.1382032 0.5086303 -1 -0.02656015 0.004313131
0.1450882 -0.1395116 0.4753392 -1 -0.03749477 0.03161148
0.1292141 -0.08078917 0.4356743 -1 0.06349996 0.0672335
0.1067586 -0.09776361 0.4661271 -1 0.0728358 0.03703444
0.1397078 -0.138081 0.47751 -1 -0.002962732 0.03967813
0.1395634 -0.1135672 0.4729851 -1 -0.02349067 -0.02228701
0.1392525 -0.134045 0.55688