0.06611809 0.5579685 -0.1753518 0.274047 -0.2051022 0.07857558
-0.04477226 0.5221794 -0.2181201 0.2769162 -0.3674733 -0.1591906
0.05106248 0.6318762 -0.2087702 0.1967338 -0.3253882 -0.09422579
-0.05134449 0.5367789 -0.2796032 0.2241008 -0.2863496 -0.1067684
0.08512153 0.5933037 -0.1856845 0.2259302 -0.3214093 -0.05643533
-0.06842948 0.5886072 -0.2873698 0.2399888 -0.303588 -0.127467
-0.03604104 0.5700184 -0.2525345 0.2190938 -0.3139083 -0.09974272
-0.0254339 0.5964234 -0.2875461 0.25881 -0.3224806 -0.1101729
0.06677887 0.6324516 -0.1982557 0.2388559 -0.2451075 -0.01493219
-0.0802725 0.5458506 -0.2734347 0.2577554 -0.2447052 -0.06109825
-0.03434021 0.4965537 -0.2574208 0.2453943 -0.258579 -0.0540549
0.007510636 0.4141684 -0.2109777 0.2023256 -0.2704222 0.01578198
-0.003243993 0.4539352 -0.2101317 0.1782432 -0.3378943 -0.0574744
0.03744337 0.4785484 -0.1574004 0.2411935 -0.116482 0.1561742
-0.01545095 0.4169222 -0.2168524 0.2301329 -0.4400723 -0.1724998
0.011555 0.468948 -0.1917568 0.1415466 -0.2735562 -0.03899152
0.0291671 0.4555832 -0.1676116 0.1956058 -0.1979986 0.09378432
0.02376182 0.4593745 -0.194179 0.1624869 -0.1873366 0.2353148
-0.04094981 0.3158671 -0.1944181 0.1281976 -0.3017852 -0.00039915
0.01046377 0.3834625 -0.1970573 0.103026 -0.174232 0.1297923
0.08898578 0.4375385 -0.1466093 0.2080873 -0.174575 0.06920204
0.007563181 0.3800091 -0.1712306 0.2341367 -0.1920568 0.0653367
0.01114755 0.3759769 -0.214808 0.2331529 -0.2461949 0.02427974
0.01352837 0.4029228 -0.1775705 0.2055987 -0.2868201 -0.03596749
0.03659951 0.454755 -0.2096751 0.2421015 -0.2222509 0.007665277
0.04785444 0.4883954 -0.1982406 0.276428 -0.313642 -0.04348242
-0.03263432 0.4506484 -0.189704 0.2544008 -0.2736731 -0.1004581
0.09344039 0.6163546 -0.1603063 0.3109959 -0.4540013 -0.2288291
-0.0281666 0.5211166 -0.2520916 0.2241989 -0.4162712 -0.1618866
0.09240203 0.4344012 -0.08373284 0.162961 -0.1626288 0.02056101
-0.004015737 0.4482678 -0.2077727 0.1582792 -0.323536 -0.08117333
0.07465228 0.517418 -0.1238118 0.1424274 -0.2413358 -0.03959136
-0.02526996 0.4323407 -0.2166724 0.2237222 -0.3495885 -0.1644342
0.07347558 0.5089185 -0.1618118 0.142507 -0.3517325 -0.09556511
-0.03062697 0.5013113 -0.2344537 0.1351324 -0.3539507 -0.1182867
0.07210325 0.5214763 -0.1332168 0.2148422 -0.3134825 -0.1164942
-0.03111647 0.4826156 -0.2555628 0.2273292 -0.3468753 -0.1733027
0.03759221 0.5005464 -0.1712111 0.1063323 -0.3665787 -0.07278922
-0.03753461 0.5177658 -0.240755 0.1222991 -0.3484899 -0.1493523
0.07499261 0.5745814 -0.1733927 0.1782221 -0.1713987 0.06669567
-0.009494029 0.4621476 -0.2679964 0.2024232 -0.2344518 -0.02350379
-0.01756187 0.4521149 -0.2119954 0.2105881 -0.3840449 -0.1573827
0.08347712 0.5023175 -0.153251 0.1736023 -0.1843126 0.03603688
-0.03626201 0.4081273 -0.1955248 0.01959443 -0.2869015 -0.05487278
-0.01729947 0.4470516 -0.2496164 0.2332076 -0.2414182 -0.02322892
0.006142915 0.4179867 -0.2457592 0.2651071 -0.1685578 0.1182007
0.03047863 0.3872735 -0.243992 0.2925045 -0.1832577 0.1676649
0.039886 0.443145 -0.2108631 0.2061984 -0.2420492 0.04052618
0.06498844 0.4421558 -0.1784341 0.2843082 -0.2405259 0.1301962
0.002889147 0.419882 -0.2233299 0.227165 -0.2023246 0.1260479
-0.01742681 0.4373237 -0.2101414 0.1538247 -0.459464 -0.1682257
0.1058586 0.4961801 -0.1666032 0.2301478 -0.1984837 0.08632237
-0.04557943 0.474007 -0.2212603 0.2222949 -0.264012 -0.08978322
-0.02442498 0.4332714 -0.2087007 0.1319002 -0.321591 -0.05175274
-0.009035194 0.5049449 -0.2320606 0.2037182 -0.278054 -0.006842099
0.01846001 0.4734692 -0.220265 0.19615 -0.3840286 -0.152399
-0.05790571 0.4585791 -0.222958 0.04414887 -0.3182944 -0.01747835
-0.06905083 0.5720736 -0.2483433 0.08160634 -0.3075663 -0.06344522
-0.04401273 0.5025983 -0.2181177 0.1191354 -0.2122772 -0.00500375
-0.005127976 0.4810361 -0.2165878 0.06756698 -0.095282 0.08318696
-0.00974559 0.5000006 -0.1875052 0.06209409 -0.2078188 0.04341452
0.01946828 0.4446816 -0.2115261 0.07900718 -0.2070409 0.06943032
0.05864955 0.4828128 -0.1733821 0.1041329 -0.2004098 0.1116537
-0.02747074 0.3302196 -0.2028915 0.06228591 -0.208723 0.007646494
-0.03424884 0.3479782 -0.1654677 0.008354705 -0.2416294 0.0001541132
-0.0003639329 0.3792097 -0.1927168 0.02367174 -0.1003238 0.1231642
0.108382 0.4657744 -0.09472562 0.04839348 -0.2832435 -0.0006287917
-0.02003203 0.4063892 -0.1962066 0.06766789 -0.2211599 0.005557087
0.08106994 0.458596 -0.1120148 0.0538679 -0.1867353 0.05816314
-0.01282108 0.3785792 -0.2240699 0.08304022 -0.2180326 -0.004652873
-0.02307464 0.3627226 -0.1527552 0.09435192 -0.1782591 0.08944365
0.0770382 0.4763384 -0.08636686 0.03831019 -0.1444691 0.02926618
-0.01607153 0.3796225 -0.2100139 0.1428536 -0.1927225 -0.006601546
0.001486922 0.3885427 -0.1963471 0.04669058 -0.3242834 -0.02514863
0.001021421 0.4331189 -0.1949598 0.124751 -0.245056 0.0945136
0.02809699 0.4031621 -0.1541007 0.06307763 -0.2059766 0.06972466
0.02324363 0.5175529 -0.1916386 0.1171825 -0.2596568 -0.01284089
-0.04480354 0.4488345 -0.1874425 0.08280753 -0.3203539 -0.06987454
0.02283641 0.5523693 -0.16311 0.04137968 -0.437833 -0.1589814
-0.05029701 0.4141855 -0.2052241 0.06152017 -0.1345159 0.03321999
-0.02088213 0.3949223 -0.1937074 0.07143337 -0.1464165 0.08199909
-0.002754893 0.4218998 -0.2322088 0.1849388 -0.1439947 0.1154778
0.08392018 0.4513559 -0.1287774 0.05601964 -0.4776293 -0.2025926
-0.03857613 0.4242333 -0.2099446 0.001847666 -0.0726198 0.03496926
-0.03078839 0.4389724 -0.2274707 0.1182941 -0.2084702 0.07788287
0.07479126 0.5728455 -0.1669835 0.1182547 -0.154155 0.08423705
-0.07865644 0.4611583 -0.2652947 0.09755176 -0.2693187 0.01518267
-0.0660401 0.4322411 -0.2963408 0.08160557 -0.212383 0.05675362
-0.06350327 0.4577592 -0.2009415 0.02127021 -0.05709451 0.09045437
0.0652119 0.4957668 -0.1406992 -0.01731387 -0.3874702 -0.1495975
-0.04733235 0.5196381 -0.2461885 0.1239059 -0.3878714 -0.1451625
0.008939588 0.5961623 -0.1867277 0.1087802 -0.3986495 -0.05403575
-0.04589569 0.5002825 -0.2671794 0.1974418 -0.3805862 -0.08677842
0.05374594 0.585112 -0.1371981 0.1021976 -0.4805326 -0.1587334
-0.04909085 0.4807014 -0.1870763 0.02685507 -0.06835687 0.06043431
-0.01756287 0.5378049 -0.2459921 0.1197394 -0.02683442 0.04418324
-0.02333475 0.5043104 -0.2546477 0.1322938 -0.1000495 -0.006276806
0.002420884 0.4943505 -0.2380331 0.1486113 -0.1984056 0.09564814
0.01120654 0.4838547 -0.2260958 0.1335296 -0.1946118 0.09602538
0.02821488 0.470572 -0.2392188 0.1991986 -0.209981 0.1607564
0.006817621 0.4767651 -0.1888844 0.1232679 -0.352272 -0.07832634
-0.04762838 0.4801192 -0.2489123 0.08164258 -0.2780197 0.05031266
-0.04390841 0.4089598 -0.2155245 0.08159006 -0.2985125 -0.02144255
-0.04915836 0.5088039 -0.2373616 0.06199297 -0.3443248 -0.05376222
0.03704716 0.5978237 -0.2047455 0.01118146 -0.4753199 -0.104079
-0.05688934 0.5086253 -0.2410692 0.126923 -0.1241831 0.08589908
-0.05895882 0.4579839 -0.2623113 0.1664665 -0.1546255 0.1347304
-0.0428482 0.4118911 -0.2206477 0.1250447 -0.08319527 0.15622
-0.03998536 0.3885817 -0.1679815 0.09602587 -0.0372352 0.1163938
0.1358958 0.4604927 -0.1538849 0.2206587 -0.1373141 0.1332119
-0.02929673 0.4324173 -0.2307896 0.2342151 -0.1904387 0.02338483
-0.006649527 0.4571962 -0.2615325 0.2149626 -0.2587951 0.01699017
0.01135338 0.488887 -0.1920875 0.1193547 -0.3022095 -0.07733186
-0.01041801 0.3741288 -0.2073087 0.1864639 -0.3057604 -0.02812344
0.08682258 0.4818492 -0.139564 0.1130985 -0.1260344 0.04560607
-0.004289424 0.4147075 -0.23109 0.2435051 -0.1588347 0.08003166
0.07964037 0.4525895 -0.1049629 0.05320154 -0.1349211 0.03729527
-0.04321226 0.3983183 -0.1922498 0.06514796 -0.2414015 -0.06339939
0.08228259 0.4499793 -0.1357725 0.1031018 -0.3009415 -0.01138867
-0.05710143 0.4664477 -0.2168888 0.1259775 -0.4966276 -0.2338844
0.06157248 0.5877129 -0.1969978 0.2615995 -0.2563409 -0.08223185
-0.04158207 0.4584804 -0.2041355 0.1351097 -0.2392864 -0.05423006
-0.002730606 0.4725282 -0.2373842 0.1043301 -0.05688438 0.07676752
0.04606569 0.6077482 -0.1601292 0.07145755 -0.5224136 -0.2041774
-0.07010942 0.5353383 -0.2810483 0.2639851 -0.2819676 0.02851786
-0.04532893 0.4862483 -0.2722872 0.1800332 -0.246227 0.01881674
-0.01464672 0.453782 -0.2804867 0.1694132 -0.1122222 0.1341843
-0.0165651 0.4486361 -0.231456 0.215801 -0.06411883 0.1142771
-0.05118731 0.4386528 -0.24316 0.1473698 -0.3234174 -0.03630787
-0.01903979 0.3622902 -0.2036197 0.1394363 -0.123709 0.1913957
0.009215372 0.3479281 -0.2086677 0.1146234 -0.141598 0.2252132
0.09825074 0.4038956 -0.1330209 0.121012 -0.2546092 0.0688615
-0.046805 0.4150399 -0.2064992 0.1810732 -0.2019376 -0.06655948
0.07701866 0.3999203 -0.1455563 0.221566 -0.1683843 0.1261169
-0.01716995 0.3442284 -0.2004138 0.1407769 -0.3104682 -0.02641739
0.06563499 0.4761654 -0.1332186 0.1016723 -0.4764822 -0.20422
-0.03503865 0.4493877 -0.2179795 0.2078118 -0.3356411 -0.1040089
0.07088249 0.4619344 -0.1734667 0.1128215 -0.4184978 -0.131162
-0.054222 0.4413374 -0.213294 0.06753524 -0.307077 -0.1338113
0.06616712 0.5000777 -0.1323918 0.06476065 -0.2103005 0.004543401
-0.03853522 0.4155644 -0.2087539 0.1081762 -0.3172065 -0.1250381
-0.005439299 0.4705074 -0.1993994 0.04006523 -0.3342343 -0.1042647
0.006251068 0.4990758 -0.2118805 0.06961319 -0.3225184 -0.1146454
-0.0178534 0.3661976 -0.1810435 0.1049617 -0.06096809 0.09003468
0.06189548 0.4423957 -0.1449834 0.0618479 -0.2796964 -0.05689557
-0.0250965 0.2934172 -0.1403866 0.08576535 -0.1379495 0.03187241
-7.224269E-06 0.3163274 -0.1518587 0.1255141 -0.0698133 0.110803
0.07127627 0.434608 -0.1225757 0.106121 -0.1165797 0.1328231
-0.06539595 0.4440476 -0.1805968 0.08206164 -0.2036565 -0.07588633
0.08402943 0.4688152 -0.1819814 0.1269127 -0.2061056 0.06966893
-0.04736715 0.3953228 -0.2455193 0.1652161 -0.2814362 -0.04145772
0.0667316 0.5052686 -0.1480688 0.1501895 -0.3629504 -0.07415188
-0.05654379 0.4884503 -0.2492047 0.1681534 -0.3397912 -0.1528812
0.06490089 0.5185879 -0.1434907 0.09939182 -0.3494557 -0.08975524
-0.05024155 0.4787389 -0.2324577 0.1079561 -0.3564204 -0.1559153
0.0167587 0.4494303 -0.181782 0.09858599 -0.274091 -0.05674269
0.088088 0.5167118 -0.125364 0.0842751 -0.3839756 -0.0385342
-0.03869785 0.5101205 -0.2708473 0.1122158 -0.1808912 0.05185157
0.03239638 0.4929069 -0.1666228 0.1092949 -0.2859933 -0.09665814
-0.02219081 0.4701427 -0.2562332 0.2380302 -0.01039565 0.1614957
0.06364605 0.4694498 -0.1727296 0.08569512 -0.2145415 0.05838488
-0.03028931 0.4564502 -0.2421094 0.03677111 -0.2461778 0.0201715
0.08366568 0.4193007 -0.1099942 0.1276225 -0.2432742 -0.01222107
-0.0234897 0.3514462 -0.1831992 0.0634986 -0.1945205 0.05977008
0.07971644 0.5142524 -0.09406023 0.1409025 -0.4550641 -0.1571694
-0.01698927 0.3571389 -0.1198681 0.05086383 -0.3802292 -0.141051
-0.006128507 0.3624312 -0.08568017 -0.01672295 -0.4342019 -0.1239279
0.08538552 0.4301945 -0.1006165 0.07634129 -0.3273121 -0.006184798
-0.05421009 0.3662859 -0.1382888 0.07841825 -0.3367976 -0.06973303
-0.02984039 0.3643449 -0.1076162 -0.004149634 -0.1607167 0.07995174
-0.01740572 0.3892473 -0.1204937 0.007515002 -0.2490421 -0.03663202
0.04152806 0.3259618 -0.1256838 -0.000640858 -0.1376799 0.107437
0.04088209 0.3412096 -0.09177933 0.08023414 -0.2350913 -0.02279062
0.1127709 0.4026297 -0.04120483 0.105283 -0.3342161 -0.09626804
-0.02775316 0.3321047 -0.1142294 -0.01903669 -0.3162477 -0.08684536
-0.005606676 0.3318307 -0.06478459 -0.03906184 -0.2122015 -0.04381044
0.01474853 0.322627 -0.07351904 0.06800038 -0.0630016 0.1315237
0.1139871 0.3380335 0.003623737 0.005456079 -0.1762287 0.07778217
-0.002270686 0.282149 -0.1197945 0.2047561 -0.1548068 0.06769043
-0.01088967 0.2702367 -0.09127285 0.05860199 -0.2306483 0.02888367
0.03557608 0.2986745 -0.08537897 -0.01779253 -0.2223579 0.02176008
0.04190589 0.3323272 -0.09326307 -0.02644353 -0.353774 -0.06798305
-0.03084164 0.3068706 -0.1322583 0.124142 -0.1937244 0.09823013
-0.01851442 0.3098869 -0.1472841 0.186194 -0.2195702 0.1452567
-0.02782395 0.3108377 -0.1366506 0.06989465 -0.213269 0.09927691
0.1011808 0.3995614 -0.01376104 -0.03073987 -0.2309874 0.03788658
-0.0258378 0.2862909 -0.1004185 0.02086866 -0.1930475 -0.01069419
-0.03497586 0.3033302 -0.1228494 0.003556423 -0.234037 -0.02162786
-0.01011883 0.2976246 -0.1221432 0.06586556 -0.1968342 0.1085831
0.1288134 0.2764926 -0.03658873 0.03260747 -0.1934704 0.07788442
0.001740618 0.3075756 -0.1404577 0.01009995 -0.3683464 -0.05338785
0.02388861 0.3122526 -0.07887931 0.01485004 -0.08310895 0.1350531
-0.01292386 0.302219 -0.09888386 0.0009840084 -0.2534499 0.00872191
0.1172599 0.3516093 -0.02303261 0.04829449 -0.1388184 0.1366717
0.005856129 0.2476485 -0.1509893 0.1181163 -0.1351377 0.1587369
0.01366812 0.2151237 -0.1133102 0.09972676 -0.1128156 0.1311515
0.02994179 0.3231811 -0.04196881 -0.0008247895 -0.132106 0.06971997
0.1103859 0.3953362 -0.008183028 0.02680321 -0.3080621 -0.06283592
0.01949189 0.1605738 -0.07417172 0.01672375 -0.3365813 -0.1578713
0.103815 0.2930773 -0.01414671 0.02040239 -0.3316916 -0.1136492
0.03461011 0.1584463 -0.03350406 0.1135746 -0.1291422 0.02918156
0.02909352 0.2061907 -0.04650163 0.06791755 -0.1411596 0.07814457
0.06329538 0.1752298 -0.02975373 0.06342201 -0.1469176 0.07385454
0.05966455 0.1936694 -0.08312116 0.10461 -0.1966186 0.01711764
0.1192545 0.2810387 0.02708084 -0.03030344 -0.1960615 0.03810665
0.02584987 0.2263031 -0.08924256 0.130938 -0.1995641 0.05292756
0.03665432 0.2334834 -0.0635171 0.09988093 -0.2635461 0.1022439
0.04777373 0.2336735 -0.065493 0.1113971 -0.2626078 0.1063334
0.1280545 0.3259026 -0.01931234 0.07243847 -0.1182269 0.1043354
-0.01702046 0.3407798 -0.08487473 0.06358963 -0.3131769 -0.1572435
0.03683796 0.3565578 -0.1026289 0.04632785 -0.2951395 -0.07154153
0.1117064 0.3873901 -0.01355814 0.02229539 -0.326329 -0.0717936
-0.03506216 0.3397706 -0.1251669 0.0644067 -0.3888093 -0.1595974
-0.01997782 0.3596119 -0.07778434 -0.05883718 -0.3063559 -0.03195361
0.1034857 0.525981 -0.007752659 0.01416175 -0.415652 0.04406497
-0.0373283 0.394234 -0.2020478 0.1662998 -0.2293408 -0.01724097
-0.01497412 0.3892722 -0.1455988 0.1887318 -0.1225345 0.09763914
-0.03024626 0.3583522 -0.1596278 0.132979 -0.2372383 0.01298701
-0.01064604 0.3610847 -0.1420738 0.162024 -0.2245305 0.03456672
0.1344292 0.3558346 -0.006848537 0.09031703 -0.1662039 0.1040285
0.006080839 0.1925918 -0.1045942 0.05869874 -0.2284881 -0.04116184
0.00838273 0.324196 -0.06710915 0.008539138 -0.08661056 0.08621191
0.1092253 0.4055341 -0.02454572 0.04857284 -0.151384 0.1154067
0.01485982 0.2466793 -0.1029779 0.007226398 -0.1680337 0.135937
0.03360809 0.2187189 -0.08220753 0.004710376 -0.1730433 0.1343065
0.04937044 0.2527793 -0.04949985 0.03254005 -0.1927018 0.1198015
0.1399886 0.3359416 0.0320519 0.06370924 -0.200425 0.08961833
-0.002749107 0.2322164 -0.09079321 0.05603938 -0.04796904 0.06287349
0.1091237 0.4455571 -0.02205001 0.02709308 -0.5221002 -0.2746125
-0.01167636 0.3983979 -0.1459365 0.1549114 -0.05021685 0.04736461
-0.01912512 0.3794388 -0.2065261 0.1683341 -0.1651603 0.007267954
0.1589172 0.4751776 -0.05323604 0.08528781 -0.4411403 -0.08262199
-0.01791536 0.4147626 -0.1501305 0.1700172 -0.4546009 -0.1897938
0.008284738 0.389196 -0.1252922 0.06264525 -0.2891024 -0.08186609
0.1082526 0.3870068 -0.03375887 0.04825229 -0.2591163 -0.01106838
0.0034557 0.2754 -0.1087188 0.1556673 -0.2595606 0.02976429
0.03253176 0.310252 -0.09076411 0.192388 -0.2906113 -0.05219664
0.07708427 0.3411183 -0.04404828 0.0691741 -0.314413 -0.08585092
-0.0119026 0.310066 -0.0890484 0.0793808 -0.410182 -0.1965061
0.02269257 0.3946771 -0.07490944 0.1131167 -0.2280245 -0.03646577
0.1136141 0.3969573 -0.03476391 0.09227978 -0.2201655 0.005595908
-0.01066882 0.2868457 -0.1858387 0.1454235 -0.3474192 -0.08859181
0.1103006 0.3527202 -0.0487221 0.0001745522 -0.2939108 -0.08688436
0.01533058 0.2790034 -0.05652439 0.03955078 -0.1081593 -0.01004906
0.1198792 0.3868842 -0.009903507 0.0632479 -0.4054324 -0.1995196
-0.01506491 0.3479439 -0.06137864 0.0930895 -0.2739107 -0.1149807
0.08672213 0.5415187 -0.08988877 0.1438445 -0.3228592 -0.09311943
0.002527229 0.3053757 -0.1543657 0.1468924 -0.2040475 -0.0544176
0.09574771 0.3640065 -0.05492254 0.1864445 -0.157352 -0.007737651
0.0005827956 0.3233236 -0.1111284 0.1599646 -0.2220069 -0.02688456
0.1268072 0.3633067 -0.01948798 0.03897186 -0.4521986 -0.2404423
-0.008420138 0.2399301 -0.06359383 0.06566554 -0.3147438 -0.1503323
0.02089544 0.3322529 -0.05819152 0.03791948 -0.2948017 -0.09586997
0.00157313 0.3063143 -0.07714095 0.0282295 -0.214562 -0.05702384
0.09832918 0.5315626 -0.0669672 0.04814281 -0.6627981 -0.3251211
-0.0340609 0.3758783 -0.1307115 0.07974489 -0.13 -0.03105123
-0.01769392 0.3833628 -0.1751961 0.1870197 -0.1944318 -0.07447985
0.03202532 0.3429171 -0.1085515 0.2001255 -0.2187106 0.0513823
0.06322678 0.3453459 -0.1312701 0.1691466 -0.2438563 0.05003819
0.08793397 0.563727 -0.1269167 0.08790703 -0.4935164 -0.04008004
-0.05024357 0.4892518 -0.152037 0.03718552 -0.1466569 0.08709946
-0.02540319 0.3581091 -0.226327 -0.03206407 -0.2541068 0.05255042
0.1193608 0.5256565 -0.05835325 0.006730821 -0.5145069 0.02556128
-0.04963446 0.466364 -0.1550141 -0.08763752 -0.2945845 0.09845145
-0.05125562 0.4794502 -0.1872313 -0.03719919 -0.3328803 0.1243789
-0.02664651 0.447937 -0.1308497 -0.05925696 -0.358471 0.1377375
-0.02485618 0.4230566 -0.07059306 -0.08922814 -0.3661051 0.2093242
-0.000447196 0.4153636 -0.08506566 -0.04906383 -0.3513518 0.1907436
0.004414356 0.4353256 -0.1142098 -0.02597824 -0.3719527 0.2270484
-0.05036836 0.4079522 -0.142885 -0.01995447 -0.3295007 0.2214704
-0.03997831 0.4003869 -0.1281495 -0.04249069 -0.3698238 0.2360935
-0.01248521 0.4058635 -0.06763778 0.01070769 -0.3266608 0.2560514
0.01080039 0.3990878 -0.1041959 -0.0002692472 -0.3552855 0.2370791
0.10535 0.4461568 -0.1030105 0.001328055 -0.3703597 0.1367119
-0.007869698 0.3323251 -0.09709399 -0.01085522 -0.3251168 0.08667797
-0.02897149 0.4066516 -0.1696351 -0.04907149 -0.3116011 0.04769481
-0.02566461 0.4291255 -0.1089809 -0.01860277 -0.3958418 0.1049358
-0.03364034 0.4534551 -0.1412361 0.03074744 -0.3704069 0.1579763
-0.02686287 0.4551134 -0.1875764 0.0275321 -0.396398 0.1769052
-0.06507979 0.4082944 -0.248687 0.1190509 -0.3453714 0.1945634
-0.04229038 0.3344111 -0.1801891 0.1050891 -0.3382853 0.2233094
-0.03196545 0.2959717 -0.1285198 -0.01974093 -0.3057504 0.2186572
-0.03967699 0.3226082 -0.2238885 -0.002359829 -0.2727343 0.07234032
-0.01920179 0.3125992 -0.08697595 -0.04731805 -0.2521442 0.1024491
-0.0009505137 0.3108261 -0.08979129 -0.01335725 -0.2829843 0.1053915
0.0347272 0.3111876 -0.1159737 0.03310807 -0.3140458 0.2087458
-0.02861513 0.2105509 -0.1638675 0.03924971 -0.2276162 0.2237606
-0.01135261 0.2265373 -0.1410032 0.01603947 -0.2421025 0.1932234
-0.0199846 0.2694593 -0.1071138 0.1084602 -0.2465697 0.1421393
-0.01571065 0.2290088 -0.1502807 0.07323638 -0.2476231 0.1120928
0.1098614 0.2248837 0.003734722 0.1179054 -0.1445915 0.1981816
0.02594863 0.1398451 -0.09357736 0.1412348 -0.1762138 0.1595183
0.03203127 0.168317 -0.07558926 0.117497 -0.1516497 0.1922362
0.05372642 0.1646728 -0.04301594 0.1079195 -0.1557619 0.168317
0.0654989 0.1905004 -0.06135821 0.02640503 -0.1572347 0.1738599
0.07689589 0.2599601 -0.04969183 -0.0274537 -0.1677072 0.08906415
0.008366236 0.2011369 -0.08496394 0.05308425 -0.2052802 0.1116313
0.1277736 0.2525112 -0.01259477 0.122751 -0.20928 0.1212005
0.0474754 0.2200699 -0.07298923 0.1721844 -0.1724069 0.1422551
0.04546324 0.215847 -0.1025878 0.07426762 -0.1659204 0.1668058
0.1294286 0.3065715 -0.02276317 -0.02785224 -0.2817352 -0.0402921
-0.02698854 0.3531594 -0.1217535 0.0293408 -0.06226161 0.1553199
0.1032133 0.392064 -0.09839227 0.1253834 -0.3542221 -0.1296869
-0.03570972 0.3771262 -0.1586901 0.063688 -0.05358443 0.1206204
-0.02506357 0.326596 -0.1528774 0.03197561 -0.05647851 0.04903187
-0.02168964 0.3157022 -0.1604633 0.07373545 -0.2730528 -0.04165962
3.234763E-05 0.2997723 -0.1600647 0.0521462 -0.2361698 0.04035105
0.009160371 0.3207651 -0.1576063 0.1453303 -0.2613054 0.08228914
0.01548118 0.3379203 -0.0975073 0.1251816 -0.247704 0.08413935
0.04016425 0.3398099 -0.085136 0.1277569 -0.2723311 -0.05254965
0.05015922 0.3583322 -0.08578589 0.1353019 -0.1884394 0.03037279
0.01000329 0.3252367 -0.1244374 0.08114606 -0.3206065 -0.05967513
0.009743895 0.3263447 -0.1299493 0.06656542 -0.2627901 -0.03717458
0.04752097 0.2006611 -0.02229421 0.1343647 -0.1049099 0.04040067
0.1413273 0.2594882 0.04985068 0.1228073 -0.1712017 0.05883468
0.02707761 0.1665859 -0.0380825 0.193781 -0.1691101 -0.02774167
0.1553218 0.2633973 0.0483976 0.05345926 -0.2385533 -0.04799788
0.008879961 0.1737905 -0.01886125 0.1781393 -0.1374384 -0.04332933
0.07739253 0.2019966 0.02702421 0.1623788 -0.2416465 -0.07556531
0.03855907 0.06154749 -0.001983434 0.2406637 -0.2133837 -0.09813794
0.1227611 0.3215988 0.04112301 0.09699673 -0.2182091 -0.07112233
0.02699482 0.142257 -0.01057331 0.1888048 -0.2149898 -0.1354955
0.01485988 0.1437874 -0.005339951 0.1430466 -0.2461352 -0.1273534
0.1310385 0.3137954 0.0707581 0.06102205 -0.09467326 -0.004233673
-0.02492773 0.3276435 -0.08927941 0.1491392 0.03586714 0.08676372
-0.03350157 0.3026583 -0.1267747 0.1810282 -0.3212445 -0.09945489
-0.008697151 0.3041309 -0.09589163 0.09937899 -0.2726612 0.01162261
0.09569968 0.4941933 -0.05065623 0.04024664 -0.3607765 0.04677894
-0.02314513 0.3272587 -0.0801416 0.1549107 -0.2792048 -0.115914
-0.003009081 0.3027735 -0.11529 0.1953396 -0.2655234 -0.03278807
0.01380323 0.3306203 -0.07083865 0.1908951 -0.2070673 -0.01671677
0.01836718 0.3052888 -0.0952684 -0.0011966 -0.3286931 -0.08620661
0.1231131 0.3755583 0.03218933 0.05875401 -0.2406641 -0.05336684
-0.007681358 0.2648454 -0.02031407 0.1467499 -0.1730388 -0.1137808
0.158599 0.2683666 0.07045221 0.1695332 -0.155425 -0.02538926
0.001335693 0.2067486 -0.03561964 0.1806903 -0.2619076 -0.1164493
0.1335916 0.3228105 0.02963434 0.06748292 -0.1672293 -0.01649041
0.000767843 0.2012414 -0.02745314 0.2216063 -0.2221512 -0.05337887
0.1301319 0.370539 0.02751945 0.0987626 -0.3910624 -0.240339
-0.01062306 0.2512107 0.01479579 0.07587427 -0.3500909 -0.2656582
0.1234093 0.2920281 0.0759533 -0.05128554 -0.3562347 -0.199577
0.006024403 0.1623941 -0.028895