-0.008130764 0.2218453 -0.1117627 -0.3469422 -0.01894778 0.1016892
0.006040754 0.2292937 -0.0857181 -0.3294642 -0.0133493 0.09305818
0.01439026 0.2201043 -0.08808116 -0.3606727 -0.06987799 0.04360591
0.006292481 0.2404459 -0.07783221 -0.260475 -0.01140479 0.115126
0.01288174 0.2342115 -0.09564035 -0.2745635 0.0243445 0.1370776
0.005987292 0.1853587 -0.1184789 -0.2584732 0.04713425 0.1400221
0.007423826 0.1380614 -0.08744802 -0.2836674 0.009674312 0.1119633
-0.03763301 0.193118 -0.1677297 -0.3772106 -0.007794402 0.04028627
-0.0338414 0.1966603 -0.147045 -0.42739 0.03059626 0.08966207
-0.0338414 0.1966603 -0.147045 -0.42739 0.03059626 0.08966207
-0.008254897 0.1877021 -0.1267556 -0.363611 -0.00504268 0.1183497
-0.01257898 0.2001422 -0.1396828 -0.3458805 0.039563 0.1242124
-0.01257898 0.2001422 -0.1396828 -0.3458805 0.039563 0.1242124
-0.01257898 0.2001422 -0.1396828 -0.3458805 0.039563 0.1242124
-0.01257898 0.2001422 -0.1396828 -0.3458805 0.039563 0.1242124
0.05267143 0.2029642 -0.04237226 -0.1755865 0.06282598 -0.04529825
0.06005 0.1852545 -0.02671485 -0.1622927 0.08397642 -0.02871412
0.06005 0.1852545 -0.02671485 -0.1622927 0.08397642 -0.02871412
0.06005 0.1852545 -0.02671485 -0.1622927 0.08397642 -0.02871412
0.09961668 0.1117615 0.03915273 -0.1808523 -0.02646309 -0.0357228
0.05731811 -0.01092328 0.003029816 -0.2051224 -0.006636701 -0.01108615
0.05026402 -0.01430329 -0.009085834 -0.2341806 0.05837242 0.05378501
0.04115114 0.00511153 -0.06000215 -0.2557783 0.05225378 -0.005537484
0.04115114 0.00511153 -0.06000215 -0.2557783 0.05225378 -0.005537484
0.06393003 0.009716805 -0.06344464 -0.203238 0.05971826 0.0543825
0.05607614 0.04701471 -0.01845526 -0.1849477 0.05876469 0.05755686
0.06240055 0.03854247 -0.0005210601 -0.1704541 0.05531842 0.05534435
0.06473623 0.01062964 0.04517306 -0.2306843 0.04190195 0.05090865
0.0765119 0.02183394 -0.01019621 -0.233708 0.03329092 0.02326384
0.04130583 0.01076728 -0.01945213 -0.2769046 0.07865616 0.03488648
0.05064629 0.009792238 -0.0456991 -0.217477 0.07850388 0.0326573
0.05064629 0.009792238 -0.0456991 -0.217477 0.07850388 0.0326573
0.04900726 0.01920955 -0.02218739 -0.1782551 0.008251436 -0.02610805
0.04900726 0.01920955 -0.02218739 -0.1782551 0.008251436 -0.02610805
0.04149324 0.05063161 -0.02631151 -0.2400636 0.0764887 0.01032229
0.06507013 0.05862217 0.008840872 -0.205915 0.05771383 0.02556223
0.05828625 0.06899483 -0.007905026 -0.2332817 0.06951752 -0.0294997
0.07889187 0.06383745 -0.01192037 -0.2188062 0.04477384 -0.0130782
0.06139524 -0.008718697 0.02499037 -0.2713808 0.0417232 0.01327598
0.06139524 -0.008718697 0.02499037 -0.2713808 0.0417232 0.01327598
0.06139524 -0.008718697 0.02499037 -0.2713808 0.0417232 0.01327598
0.06139524 -0.008718697 0.02499037 -0.2713808 0.0417232 0.01327598
0.06139524 -0.008718697 0.02499037 -0.2713808 0.0417232 0.01327598
0.06139524 -0.008718697 0.02499037 -0.2713808 0.0417232 0.01327598
0.06139524 -0.008718697 0.02499037 -0.2713808 0.0417232 0.01327598
0.06139524 -0.008718697 0.02499037 -0.2713808 0.0417232 0.01327598
0.03956269 0.02517942 -0.03598195 -0.2490603 0.05397436 -0.004034599
0.05600968 0.04925489 -0.006773212 -0.1553869 0.08801846 0.06444681
0.05864108 0.05113149 -0.01863678 -0.1439846 0.0706233 0.04937327
0.06173711 0.05469614 -0.001988893 -0.1218728 0.0576591 0.01889003
0.06173711 0.05469614 -0.001988893 -0.1218728 0.0576591 0.01889003
0.06173711 0.05469614 -0.001988893 -0.1218728 0.0576591 0.01889003
0.07355236 0.06320842 -0.0221717 -0.09333533 0.03753886 0.0007846633
0.08798657 0.05931006 0.006368122 -0.1492577 0.04179374 0.007786125
0.05879114 0.05275499 0.004746935 -0.1453484 0.00323969 -0.0121695
0.06273542 0.04863896 -0.02085272 -0.1514477 -0.004963821 -0.003148957
0.06715101 0.04890221 -0.01336183 -0.1361639 0.01831344 0.005734494
0.06715101 0.04890221 -0.01336183 -0.1361639 0.01831344 0.005734494
0.06715101 0.04890221 -0.01336183 -0.1361639 0.01831344 0.005734494
0.08609582 0.04090999 -0.01619458 -0.2025948 0.01525876 0.0004023224
0.06473336 0.05446159 -0.03025745 -0.2295479 0.03480498 0.02264808
0.08882824 0.05860142 0.04319188 -0.1785464 0.01962341 0.02233761
0.07313909 0.07875969 -0.009157132 -0.2322578 -0.0002545447 -0.035042
0.06069191 0.03182859 -0.02175133 -0.2101103 0.08195639 -0.01886621
0.03106307 0.0644562 -0.01659715 -0.3318876 0.05219482 0.05331583
0.01492928 0.09142876 -0.01345793 -0.3649521 0.005763787 0.0186511
0.02104546 0.09619197 -0.0207606 -0.3768671 0.0324853 0.0433009
0.02104546 0.09619197 -0.0207606 -0.3768671 0.0324853 0.0433009
0.02104546 0.09619197 -0.0207606 -0.3768671 0.0324853 0.0433009
0.02104546 0.09619197 -0.0207606 -0.3768671 0.0324853 0.0433009
0.02104546 0.09619197 -0.0207606 -0.3768671 0.0324853 0.0433009
0.02104546 0.09619197 -0.0207606 -0.3768671 0.0324853 0.0433009
0.03084294 0.1075987 0.03235833 -0.3530892 -0.0002100276 0.03061854
0.04647946 0.09047052 0.03752738 -0.2477893 -0.008385845 0.02849915
0.03700931 0.114739 0.004125077 -0.2361771 -0.004637264 -0.003914062
0.04695997 0.1094447 -0.02824808 -0.1226602 0.06736025 0.003679414
0.0473456 0.09536584 0.02015382 -0.1671301 0.06974737 0.07151289
0.0473456 0.09536584 0.02015382 -0.1671301 0.06974737 0.07151289
0.0473456 0.09536584 0.02015382 -0.1671301 0.06974737 0.07151289
0.0473456 0.09536584 0.02015382 -0.1671301 0.06974737 0.07151289
0.04503917 0.08875076 -0.010153 -0.1521221 0.1018927 0.03523239
0.06299643 0.06396401 0.01261915 -0.1871415 0.06727935 0.03877665
0.07165441 0.07853644 -0.05387346 -0.147319 0.07532495 0.0249066
0.07012349 0.09814101 0.002268856 -0.1478527 0.04287091 0.03535648
0.07069577 0.1037008 -0.01760054 -0.1110225 0.04149413 -0.02078841
0.03271999 0.07426546 0.00219165 -0.09644327 0.01189968 -0.02100833
0.03291336 0.06610541 -0.0201425 -0.09354047 0.02691533 -0.0170231
0.03291336 0.06610541 -0.0201425 -0.09354047 0.02691533 -0.0170231
0.04108922 0.07316619 -0.035316 -0.07925189 0.04354795 -0.01481842
0.04725412 0.05783078 0.007783395 -0.09854428 -0.008642472 -0.0227945
0.04436769 0.07587468 -0.02249688 -0.0871012 0.0254028 0.01479854
0.04436769 0.07587468 -0.02249688 -0.0871012 0.0254028 0.01479854
0.04436769 0.07587468 -0.02249688 -0.0871012 0.0254028 0.01479854
0.04436769 0.07587468 -0.02249688 -0.0871012 0.0254028 0.01479854
0.04436769 0.07587468 -0.02249688 -0.0871012 0.0254028 0.01479854
0.04436769 0.07587468 -0.02249688 -0.0871012 0.0254028 0.01479854
0.04436769 0.07587468 -0.02249688 -0.0871012 0.0254028 0.01479854
0.04436769 0.07587468 -0.02249688 -0.0871012 0.0254028 0.01479854
0.04436769 0.07587468 -0.02249688 -0.0871012 0.0254028 0.01479854
0.04436769 0.07587468 -0.02249688 -0.0871012 0.0254028 0.01479854
0.04436769 0.07587468 -0.02249688 -0.0871012 0.0254028 0.01479854
0.05077551 0.08663011 -0.02740578 -0.106978 0.0768686 0.01059717
0.07364663 0.09184025 -0.01142618 -0.09211911 0.08361091 0.05194237
0.07763823 0.08524777 -0.004872972 -0.1440863 0.06726742 0.001823062
0.0732227 0.0988458 -0.02454283 -0.09838711 0.09410143 0.0409553
0.06354956 0.1303064 -0.05267766 -0.1097779 0.07590684 0.008880056
0.06977747 0.1551867 -0.07075599 -0.05323285 0.09060039 0.009918966
0.05853653 0.1720338 -0.06097311 -0.07697744 0.08993644 -0.01397042
0.0439374 0.134958 -0.04829531 -0.08496825 0.07102319 -0.007866431
0.03694459 0.1380826 -0.04921617 -0.08010466 0.1233732 0.03019156
0.03694459 0.1380826 -0.04921617 -0.08010466 0.1233732 0.03019156
0.04749882 0.1536801 -0.03235617 -0.1021719 0.1005112 -0.01056235
0.05648327 0.1343262 -0.0241269 -0.09952264 0.05891363 0.001900895
0.05276796 0.1231564 -0.02390765 -0.104215 0.09324145 0.03254072
0.08717531 0.08490935 0.02169497 -0.1057795 0.02873514 0.03063834
0.07829744 0.08796409 0.0006655976 -0.1028949 0.04779642 0.04346386
0.07829744 0.08796409 0.0006655976 -0.1028949 0.04779642 0.04346386
0.07829744 0.08796409 0.0006655976 -0.1028949 0.04779642 0.04346386
0.07829744 0.08796409 0.0006655976 -0.1028949 0.04779642 0.04346386
0.07829744 0.08796409 0.0006655976 -0.1028949 0.04779642 0.04346386
0.07829744 0.08796409 0.0006655976 -0.1028949 0.04779642 0.04346386
0.07092 0.105502 0.001333423 -0.107763 0.06487218 -0.001534492
0.07694864 0.1131607 -0.02320505 -0.1138508 0.06209597 -0.01136237
0.03667218 0.1115523 -0.05632024 -0.1613719 0.04935597 -0.07380731
0.03667218 0.1115523 -0.05632024 -0.1613719 0.04935597 -0.07380731
0.03667218 0.1115523 -0.05632024 -0.1613719 0.04935597 -0.07380731
0.03005208 0.1100957 -0.0914867 -0.133049 0.07640567 -0.1026317
0.04281737 0.1724146 -0.1066596 -0.1616882 0.1209691 0.01252152
0.04449341 0.1858723 -0.08325492 -0.1759229 0.07696881 -0.05201048
0.0372106 0.1975008 -0.08311413 -0.1260738 0.09917705 -0.008797308
0.06462882 0.1817177 -0.08812959 -0.0882874 0.09197015 -0.05156488
0.007904436 0.1701528 -0.1059747 -0.1867303 0.1137608 -0.01480007
0.03850372 0.1574375 -0.03800816 -0.2185807 0.08892878 0.02631486
0.08554976 -0.0001206687 0.04824452 -0.1751461 0.001458266 0.04025808
0.08554976 -0.0001206687 0.04824452 -0.1751461 0.001458266 0.04025808
0.08554976 -0.0001206687 0.04824452 -0.1751461 0.001458266 0.04025808
0.08665072 0.005231398 0.01382182 -0.1382294 0.07497827 0.07679759
0.07733688 0.04689106 -0.03508372 -0.1348027 0.09579568 0.01602795
0.05144157 0.03340599 -0.01427992 -0.2460306 0.02512417 -0.004426956
0.04480243 0.04684223 -0.03940748 -0.2476033 0.05789767 -0.008766836
0.06499806 0.04583611 0.02585225 -0.202785 -0.04730962 -0.07015522
0.06499806 0.04583611 0.02585225 -0.202785 -0.04730962 -0.07015522
0.06499806 0.04583611 0.02585225 -0.202785 -0.04730962 -0.07015522
0.06499806 0.04583611 0.02585225 -0.202785 -0.04730962 -0.07015522
0.06499806 0.04583611 0.02585225 -0.202785 -0.04730962 -0.07015522
0.06499806 0.04583611 0.02585225 -0.202785 -0.04730962 -0.07015522
0.06499806 0.04583611 0.02585225 -0.202785 -0.04730962 -0.07015522
0.06499806 0.04583611 0.02585225 -0.202785 -0.04730962 -0.07015522
0.06499806 0.04583611 0.02585225 -0.202785 -0.04730962 -0.07015522
0.07315185 0.01855532 0.00409284 -0.1997749 0.01143293 -0.002908983
0.08147487 -0.002626413 -0.0005706758 -0.1784094 0.02110237 0.01351404
0.08147487 -0.002626413 -0.0005706758 -0.1784094 0.02110237 0.01351404
0.08147487 -0.002626413 -0.0005706758 -0.1784094 0.02110237 0.01351404
0.08147487 -0.002626413 -0.0005706758 -0.1784094 0.02110237 0.01351404
0.08147487 -0.002626413 -0.0005706758 -0.1784094 0.02110237 0.01351404
0.08147487 -0.002626413 -0.0005706758 -0.1784094 0.02110237 0.01351404
0.08147487 -0.002626413 -0.0005706758 -0.1784094 0.02110237 0.01351404
0.06495003 0.03648242 -0.05722909 -0.1400388 0.07958997 0.03021848
0.06263801 0.04751255 -0.01238694 -0.1215322 0.08412173 0.04698514
0.06263801 0.04751255 -0.01238694 -0.1215322 0.08412173 0.04698514
0.06263801 0.04751255 -0.01238694 -0.1215322 0.08412173 0.04698514
0.06637893 0.03158637 -0.02020386 -0.2368722 0.1058682 0.08157483
0.07631218 0.1083742 -0.07894622 -0.191678 0.09172917 -0.009806041
0.05975214 0.1262449 -0.07962013 -0.1034601 0.06075597 -0.01643198
0.03829334 0.2069667 -0.1160611 -0.09464619 0.07741214 -0.06686955
0.08518621 0.2011235 -0.02424668 -0.03862172 0.1282149 -0.08182903
0.08984773 0.1776757 -0.01287759 0.01491459 0.1220318 -0.06579257
0.08548431 0.1255736 0.01795975 0.008468518 0.0904174 -0.09840313
0.09750448 0.114655 0.0179017 -0.008791158 0.1018292 -0.1138425
0.09750448 0.114655 0.0179017 -0.008791158 0.1018292 -0.1138425
0.09750448 0.114655 0.0179017 -0.008791158 0.1018292 -0.1138425
0.07550205 0.1322972 -0.02567541 -0.04616898 0.1565043 -0.06848967
0.08112685 0.1213003 -0.02891461 -0.04674792 0.114191 -0.08394859
0.08211203 0.1356779 -0.03204484 -0.03954932 0.1332462 -0.06649494
0.08211203 0.1356779 -0.03204484 -0.03954932 0.1332462 -0.06649494
0.08983848 0.1597956 -0.01231686 -0.03378866 0.1668544 -0.04353045
0.03687548 0.134049 -0.01493558 0.01033832 0.1064688 -0.07455732
0.03687548 0.134049 -0.01493558 0.01033832 0.1064688 -0.07455732
0.03687548 0.134049 -0.01493558 0.01033832 0.1064688 -0.07455732
0.03687548 0.134049 -0.01493558 0.01033832 0.1064688 -0.07455732
0.03687548 0.134049 -0.01493558 0.01033832 0.1064688 -0.07455732
0.03687548 0.134049 -0.01493558 0.01033832 0.1064688 -0.07455732
0.03687548 0.134049 -0.01493558 0.01033832 0.1064688 -0.07455732
0.03687548 0.134049 -0.01493558 0.01033832 0.1064688 -0.07455732
0.03687548 0.134049 -0.01493558 0.01033832 0.1064688 -0.07455732
0.03687548 0.134049 -0.01493558 0.01033832 0.1064688 -0.07455732
0.03687548 0.134049 -0.01493558 0.01033832 0.1064688 -0.07455732
0.03687548 0.134049 -0.01493558 0.01033832 0.1064688 -0.07455732
0.03687548 0.134049 -0.01493558 0.01033832 0.1064688 -0.07455732
0.05913795 0.06830928 0.006097046 -0.05151486 0.06443199 -0.07251494
0.0590129 0.06828913 -0.01233867 -0.05456942 0.0824101 -0.07250722
0.07705998 0.02631538 0.02407176 -0.04016137 0.08024409 -0.05378109
0.08259966 0.04695287 0.03727572 -0.06276474 0.09638245 -0.04700181
0.08840521 0.01511847 0.02895958 -0.06593769 0.05292646 -0.02734707
0.09377825 0.04414732 0.04501242 -0.07724959 0.04564246 -0.008468084
0.0919532 0.08763625 0.03072995 -0.04313059 0.02703291 -0.04849269
0.03751813 0.1063769 -0.006678776 -0.1712851 0.07321938 -0.02143821
0.0626028 0.06991613 0.01799633 -0.1169245 0.04280656 -0.05596745
0.07358082 0.03315305 0.03217219 -0.1229859 0.03045864 -0.03139197
0.07300811 0.0540769 0.006657835 -0.09384206 0.07543181 -0.02194557
0.06423151 0.04900167 -0.01170588 -0.1495404 0.0392359 -0.05887427
0.08021029 0.04448561 0.01269376 -0.1899452 0.04425246 -0.05382038
0.08021029 0.04448561 0.01269376 -0.1899452 0.04425246 -0.05382038
0.08313135 0.05863754 0.05221982 -0.1119711 0.07958569 -0.04475
0.1056261 0.0370569 0.05510988 -0.115025 0.06029131 -0.06374169
0.1056261 0.0370569 0.05510988 -0.115025 0.06029131 -0.06374169
0.0848275 0.1045121 -0.02121266 -0.03786061 0.08503225 -0.07802951
0.08463617 0.003761478 0.02282299 -0.01462704 0.1013272 -0.06088223
0.08463617 0.003761478 0.02282299 -0.01462704 0.1013272 -0.06088223
0.07912509 0.01672758 0.0147015 -0.07261886 0.1268883 -0.015938
0.09361108 0.02961928 0.02995435 -0.0662163 0.1057411 -0.003485268
0.09361108 0.02961928 0.02995435 -0.0662163 0.1057411 -0.003485268
0.09361108 0.02961928 0.02995435 -0.0662163 0.1057411 -0.003485268
0.09361108 0.02961928 0.02995435 -0.0662163 0.1057411 -0.003485268
0.09361108 0.02961928 0.02995435 -0.0662163 0.1057411 -0.003485268
0.09361108 0.02961928 0.02995435 -0.0662163 0.1057411 -0.003485268
0.09361108 0.02961928 0.02995435 -0.0662163 0.1057411 -0.003485268
0.09494688 0.02446564 0.01528071 -0.07802808 0.1197047 -0.01341962
0.08421705 0.04464123 -0.001273241 -0.05520757 0.08047539 -0.06697323
0.08421705 0.04464123 -0.001273241 -0.05520757 0.08047539 -0.06697323
0.08421705 0.04464123 -0.001273241 -0.05520757 0.08047539 -0.06697323
0.08421705 0.04464123 -0.001273241 -0.05520757 0.08047539 -0.06697323
0.116811 0.02098931 0.08183099 -0.0352131 0.07096694 -0.06065515
0.1264277 0.02633989 0.08973648 -0.04080008 0.08633503 -0.06033423
0.1100764 -0.01366764 0.07129443 -0.04750928 0.07703889 -0.0655165
0.1100764 -0.01366764 0.07129443 -0.04750928 0.07703889 -0.0655165
0.1185208 -0.07168853 0.0628084 -0.06661808 0.107242 -0.07482262
0.1012491 -0.06820694 0.07675453 -0.09576483 0.1063594 -0.05101132
0.1159443 -0.07612915 0.09953626 -0.1049968 0.08813031 0.008801855
0.1159443 -0.07612915 0.09953626 -0.1049968 0.08813031 0.008801855
0.1463504 -0.1099882 0.09285519 -0.06042615 0.06890364 -0.03986109
0.1489874 -0.1060665 0.06787607 -0.03600825 0.09686856 -0.0008762255
0.1489874 -0.1060665 0.06787607 -0.03600825 0.09686856 -0.0008762255
0.1489874 -0.1060665 0.06787607 -0.03600825 0.09686856 -0.0008762255
0.1489874 -0.1060665 0.06787607 -0.03600825 0.09686856 -0.0008762255
0.1489874 -0.1060665 0.06787607 -0.03600825 0.09686856 -0.0008762255
0.1489874 -0.1060665 0.06787607 -0.03600825 0.09686856 -0.0008762255
0.1489874 -0.1060665 0.06787607 -0.03600825 0.09686856 -0.0008762255
0.1489874 -0.1060665 0.06787607 -0.03600825 0.09686856 -0.0008762255
0.1327006 -0.0639615 0.03748462 -0.01484462 0.1285021 0.02407302
0.07494318 0.02176294 -0.004806591 -0.1141684 0.1522596 -0.02913294
0.08264779 0.09465744 0.0316586 -0.03660868 0.1459796 0.03328906
0.08250337 0.09970095 0.004559345 -0.02309008 0.1118068 -0.008240612
0.1029371 0.05289955 0.06976812 0.001153693 0.1633088 0.03598472
0.1158812 0.0303951 0.06613217 0.06941728 0.106695 -0.02201681
0.1177561 0.02989018 0.06433067 0.01187521 0.1493983 -0.00175953
0.1257941 0.02555467 0.03668098 0.07060282 0.1525744 0.01252235
0.1301501 0.01881945 0.0146577 0.08655913 0.1833159 -0.023929
0.1301501 0.01881945 0.0146577 0.08655913 0.1833159 -0.023929
0.1301501 0.01881945 0.0146577 0.08655913 0.1833159 -0.023929
0.1301501 0.01881945 0.0146577 0.08655913 0.1833159 -0.023929
0.1301501 0.01881945 0.0146577 0.08655913 0.1833159 -0.023929
0.1275253 0.01722466 0.004788472 0.1194965 0.2118564 -0.03883944
0.1275253 0.01722466 0.004788472 0.1194965 0.2118564 -0.03883944
0.1275253 0.01722466 0.004788472 0.1194965 0.2118564 -0.03883944
0.1275253 0.01722466 0.004788472 0.1194965 0.2118564 -0.03883944
0.1275253 0.01722466 0.004788472 0.1194965 0.2118564 -0.03883944
0.1275253 0.01722466 0.004788472 0.1194965 0.2118564 -0.03883944
0.1275253 0.01722466 0.004788472 0.1194965 0.2118564 -0.03883944
0.1275253 0.01722466 0.004788472 0.1194965 0.2118564 -0.03883944
0.1275253 0.01722466 0.004788472 0.1194965 0.2118564 -0.03883944
0.1275253 0.01722466 0.004788472 0.1194965 0.2118564 -0.03883944
0.1275253 0.01722466 0.004788472 0.1194965 0.2118564 -0.03883944
0.1229397 0.03938553 0.05406933 0.06944069 0.1275963 -0.08641975
0.1257814 0.02562238 0.04350466 0.1028918 0.134451 -0.05560546
0.1191234 0.02410951 -0.00375298 0.04373059 0.16901 -0.08621527
0.1191234 0.02410951 -0.00375298 0.04373059 0.16901 -0.08621527
0.1191234 0.02410951 -0.00375298 0.04373059 0.16901 -0.08621527
0.1160922 0.02361615 -0.002818612 0.009221423 0.1811099 -0.01127394
0.1160922 0.02361615 -0.002818612 0.009221423 0.1811099 -0.01127394
0.1160922 0.02361615 -0.002818612 0.009221423 0.1811099 -0.01127394
0.1069182 0.04814018 0.01582787 0.05071098 0.1713462 0.003708948
0.1119596 0.05388673 0.03380201 0.0285915 0.1584562 -0.0427779
0.1078103 0.0592954 0.01294582 0.02979846 0.1896167 -0.01419202
0.1078103 0.0592954 0.01294582 0.02979846 0.1896167 -0.01419202
0.1078103 0.0592954 0.01294582 0.02979846 0.1896167 -0.01419202
0.1078103 0.0592954 0.01294582 0.02979846 0.1896167 -0.01419202
0.1088352 0.05170754 0.04683541 0.01736334 0.1110271 -0.0546035
0.1123599 0.06310722 0.04030095 0.03582066 0.1269443 -0.06055452
0.1275851 0.0531099 0.04977064 0.05870489 0.1672089 -0.01924322
0.1438535 0.04997662 0.06888822 0.09686673 0.1462594 0.005127516
0.1200808 0.05424069 0.04896457 -0.01297094 0.1197876 -0.05001203
0.1209982 0.06064206 0.01578928 0.02471423 0.09245829 -0.06585583
0.1209982 0.06064206 0.01578928 0.02471423 0.09245829 -0.06585583
0.1209982 0.06064206 0.01578928 0.02471423 0.09245829 -0.06585583
0.1209982 0.06064206 0.01578928 0.02471423 0.09245829 -0.06585583
0.1209982 0.06064206 0.01578928 0.02471423 0.09245829 -0.06585583
0.1428331 0.05539938 0.03885092 0.06821412 0.1239855 -0.07344227
0.07526565 -0.023665 0.02456273 -0.0145788 0.1033916 -0.07931275
0.07526565 -0.023665 0.02456273 -0.0145788 0.1033916 -0.07931275
0.07526565 -0.023665 0.02456273 -0.0145788 0.1033916 -0.07931275
0.07526565 -0.023665 0.02456273 -0.0145788 0.1033916 -0.07931275
0.07331508 0.001633397 0.02770461 -0.07693324 0.07296402 -0.08160391
0.07331508 0.001633397 0.02770461 -0.07693324 0.07296402 -0.08160391
0.09031088 -0.01376474 0.03125988 -0.0657063 0.1065886 -0.0258363
0.0765543 0.01039714 0.02291722 -0.1017333 0.1496219 0.0008334853
0.1235372 -0.02726913 0.05254852 -0.04643753 0.1174907 -0.007304037
0.1019284 0.008910464 0.04175309 -0.04545543 0.07390554 -0.07256601
0.1135875 -0.01427501 0.0516513 -0.08433016 0.1188969 -0.03787633
0.1207656 0.001317854 0.03528944 -0.09612645 0.0965713 -0.0813003
0.1239342 0.01013332 0.05184713 -0.1323543 0.05543069 -0.08726109
0.09817877 -0.01344614 0.1030019 -0.1169613 0.05368427 -0.06912584
0.1000597 -0.005948128 0.08881522 -0.1125217 0.1050093 -0.04989527
0.1131836 -0.01271186 0.07275949 -0.06577612 0.1185879 -0.02232928
0.1131836 -0.01271186 0.07275949 -0.06577612 0.1185879 -0.02232928
0.1122833 -0.01366761 0.06811869 -0.07321239 0.09982341 -0.07689438
0.1097107 0.001436776 0.06044668 -0.01258935 0.09987177 -0.06457601
0.1114617 0.02942401 0.05207917 -0.00685339 0.1495977 -0.03383632
0.1162482 0.04455347 0.04261293 -0.02235961 0.1483247 -0.03907369
0.1336772 0.02977972 0.07478678 0.008566339 0.1022798 -0.02640345
0.08957558 -0.006138654 0.0856745 -0.07767925 0.07783447 -0.03335321
0.1034264 -0.0114214 0.05551161 -0.02387726 0.07103518 -0.07403807
0.1166015 -0.005482264 0.03357669 0.03053202 0.0799654 -0.05379677
0.1221694 -0.007205368 0.07067899 0.005186263 0.03966539 -0.07674573
0.1221694 -0.007205368 0.07067899 0.005186263 0.03966539 -0.07674573
0.1372913 -0.01853245 0.09176238 0.03690184 0.03193708 -0.1010855
0.1334391 -0.005842309 0.1241583 0.04428039 0.1209788 -0.07755464
0.1356449 0.001046823 0.115595 0.06332965 0.12309 -0.06603669
0.1366618 0.01932614 0.07837509 0.02080139 0.1279357 -0.08904369
0.1053124 -0.02123746 0.1070646 -0.02686412 0.134369 -0.07964303
0.1053124 -0.02123746 0.1070646 -0.02686412 0.134369 -0.07964303
0.1265601 -0.04428729 0.121181 -0.04452576 0.1023656 -0.05421012
0.1265601 -0.04428729 0.121181 -0.04452576 0.1023656 -0.05421012
0.1265601 -0.04428729 0.121181 -0.04452576 0.1023656 -0.05421012
0.137331 -0.0635381 0.1015315 0.05595859 0.05053906 -0.1040793
0.1323284 -0.04805121 0.1037816 0.02592165 0.06657222 -0.07894777
0.1292498 -0.04668272 0.08682498 0.0032696 0.0833906 -0.07782111
0.1486786 -0.04093276 0.1051142 0.02074571 0.03980242 -0.1137873
0.1449318 -0.0295806 0.1256976 -0.004052777 0.054515 -0.1157494
0.1628817 -0.05276952 0.1527173 0.009321974 0.01754074 -0.1294102
0.1367294 -0.08608045 0.09745224 0.03350201 0.03702915 -0.1034327
0.1367294 -0.08608045 0.09745224 0.03350201 0.03702915 -0.1034327
0.1367294 -0.08608045 0.09745224 0.03350201 0.03702915 -0.1034327
0.1382317 -0.08383382 0.1099617 0.008106492 0.007650443 -0.1208923
0.1301705 -0.07660148 0.1038603 -0.08889105 0.02301588 -0.1121053
0.130634 -0.04556427 0.1248704 -0.09377217 0.04207506 -0.1122075
0.1295138 -0.03572566 0.09069751 -0.04725024 0.05764862 -0.1011003
0.1557012 -0.05173399 0.07794918 0.03771277 0.05839128 -0.1058769
0.1557012 -0.05173399 0.07794918 0.03771277 0.05839128 -0.1058769
0.1557012 -0.05173399 0.07794918 0.03771277 0.05839128 -0.1058769
0.1557012 -0.05173399 0.07794918 0.03771277 0.05839128 -0.1058769
0.1557012 -0.05173399 0.07794918 0.03771277 0.05839128 -0.1058769
0.1661836 -0.03844986 0.08815171 0.08278841 0.07035477 -0.1333436
0.1745964 -0.05660807 0.09547115 0.09511876 0.07263699 -0.1200051
0.1695393 -0.0477343 0.09137364 0.07363524 0.07576265 -0.1288323
0.1302788 -0.05700749 0.09646979 0.03088443 0.03332957 -0.1274923
0.1302788 -0.05700749 0.09646979 0.03088443 0.03332957 -0.1274923
0.1302788 -0.05700749 0.09646979 0.03088443 0.03332957 -0.1274923
0.1302788 -0.05700749 0.09646979 0.03088443 0.03332957 -0.1274923
0.1302869 -0.05862494 0.09796145 0.02784105 0.03993393 -0.1175283
0.1368617 -0.0527908 0.08866745 0.03659336 0.04882586 -0.107958
0.1368617 -0.0527908 0.08866745 0.03659336 0.04882586 -0.107958
0.1463699 -0.03962132 0.08767386 0.0303546 0.02415292 -0.1444354
0.1497763 -0.03611224 0.06164514 0.05876965 0.06792136 -0.110183
0.132694 -0.03214834 0.06884893 0.01875702 0.08998738 -0.09150267
0.1504839 -0.03928803 0.0799612 0.04682761 0.03882581 -0.1165291
0.1467171 -0.0287042 0.08130663 0.02160329 0.07087736 -0.07026538
0.1467171 -0.0287042 0.08130663 0.02160329 0.07087736 -0.07026538
0.1397732 -0.01621359 0.06944538 0.02719512 0.07960222 -0.08627871
0.1488942 -0.01016927 0.0669392 0.02556318 0.05372775 -0.09652866
0.1514788 -0.07061455 0.1062899 0.06832922 0.043893 -0.1041093
0.1514788 -0.07061455 0.1062899 0.06832922 0.043893 -0.1041093
0.1514788 -0.07061455 0.1062899 0.06832922 0.043893 -0.1041093
0.1514788 -0.07061455 0.1062899 0.06832922 0.043893 -0.1041093
0.1514788 -0.07061455 0.1062899 0.06832922 0.043893 -0.1041093
0.1332257 -0.06654876 0.05805287 0.04296501 0.05572636 -0.1185732
0.1397255 -0.04731648 0.04535255 0.07635586 0.06093239 -0.136507
0.1329032 -0.03541941 0.04487608 0.05276679 0.05618358 -0.1499316
0.1329032 -0.03541941 0.04487608 0.05276679 0.05618358 -0.1499316
0.1329032 -0.03541941 0.04487608 0.05276679 0.05618358 -0.1499316
0.132879 -0.02805265 0.06872234 0.06218722 0.07488444 -0.1163819
0.1553401 -0.06724387 0.08821145 0.04771246 0.06497765 -0.04897873
0.1553401 -0.06724387 0.08821145 0.04771246 0.06497765 -0.04897873
0.1553401 -0.06724387 0.08821145 0.04771246 0.06497765 -0.04897873
0.164452 -0.06988449 0.1051665 0.05377004 0.02797678 -0.09700534
0.164452 -0.06988449 0.1051665 0.05377004 0.02797678 -0.09700534
0.164452 -0.06988449 0.1051665 0.05377004 0.02797678 -0.09700534
0.164452 -0.06988449 0.1051665 0.05377004 0.02797678 -0.09700534
0.164452 -0.06988449 0.1051665 0.05377004 0.02797678 -0.09700534
0.164452 -0.06988449 0.1051665 0.05377004 0.02797678 -0.09700534
0.1631233 -0.05209456 0.06416012 0.06409576 0.06464704 -0.1008275
0.1687662 -0.05226622 0.09095177 0.04861194 0.02653237 -0.1258579
0.1054472 -0.0227149 0.05802229 0.02836911 0.05265795 -0.0950812
0.1247218 -0.05144526 0.09646891 0.06273959 0.02051291 -0.1100906
0.1367563 -0.064004 0.08549005 0.07702365 0.0375718 -0.107297
0.1281915 -0.05405523 0.09446586 0.06182335 0.06612169 -0.1135181
0.1322976 -0.05037694 0.1311238 0.01261625 0.01429993 -0.1274511
0.1323248 -0.05157599 0.1089486 0.02667453 0.02333603 -0.1119252
0.1323248 -0.05157599 0.1089486 0.02667453 0.02333603 -0.1119252
0.1323248 -0.05157599 0.1089486 0.02667453 0.02333603 -0.1119252
0.1427833 -0.03748727 0.1134942 0.03699505 0.08314881 -0.1107917
0.1427833 -0.03748727 0.1134942 0.03699505 0.08314881 -0.1107917
0.1613604 -0.05217235 0.1068015 0.01702144 0.06997044 -0.08616161
0.1510458 -0.05152141 0.114766 0.01482241 0.0826424 -0.08337121
0.149181 -0.05005245 0.1198795 -0.03189718 0.06098752 -0.08143171
0.1255508 -0.05989907 0.1090894 0.00457179 0.01933111 -0.1115157
0.1255508 -0.05989907 0.1090894 0.00457179 0.01933111 -0.1115157
0.1255508 -0.05989907 0.1090894 0.00457179 0.01933111 -0.1115157
0.1255508 -0.05989907 0.1090894 0.00457179 0.01933111 -0.1115157
0.1255508 -0.05989907 0.1090894 0.00457179 0.01933111 -0.1115157
0.1255508 -0.05989907 0.1090894 0.00457179 0.01933111 -0.1115157
0.1255508 -0.05989907 0.1090894 0.00457179 0.01933111 -0.1115157
0.1255508 -0.05989907 0.1090894 0.00457179 0.01933111 -0.1115157
0.1255508 -0.05989907 0.1090894 0.00457179 0.01933111 -0.1115157
0.1255508 -0.05989907 0.1090894 0.00457179 0.01933111 -0.1115157
0.1118196 -0.04266042 0.1079587 -0.02114142 -0.005409107 -0.09699814
0.1098041 -0.03526409 0.08749513 0.0202724 -0.0005964208 -0.1004012
0.1266314 -0.03254807 0.1063864 0.02846111 0.006386963 -0.1001965
0.1302945 -0.03011765 0.05714006 0.01989542 0.02472984 -0.1069457
0.1302945 -0.03011765 0.05714006 0.01989542 0.02472984 -0.1069457
0.1302945 -0.03011765 0.05714006 0.01989542 0.02472984 -0.1069457
0.1302945 -0.03011765 0.05714006 0.01989542 0.02472984 -0.1069457
0.1302945 -0.03011765 0.05714006 0.01989542 0.02472984 -0.1069457
0.1302945 -0.03011765 0.05714006 0.01989542 0.02472984 -0.1069457
0.1302945 -0.03011765 0.05714006 0.01989542 0.02472984 -0.1069457
0.1302945 -0.03011765 0.05714006 0.01989542 0.02472984 -0.1069457
0.1302945 -0.03011765 0.05714006 0.01989542 0.02472984 -0.1069457
0.1302945 -0.03011765 0.05714006 0.01989542 0.02472984 -0.1069457
0.1169223 -0.001941511 0.06074576 -0.06014319 0.04994983 -0.08081884
0.1233891 -0.002023604 0.06894072 -0.04768422 0.07121836 -0.07771856
0.09102018 -0.01401514 0.0896749 -0.06688707 0.02972362 -0.1105202
0.09102018 -0.01401514 0.0896749 -0.06688707 0.02972362 -0.1105202
0.09102018 -0.01401514 0.0896749 -0.06688707 0.02972362 -0.1105202
0.09102018 -0.01401514 0.0896749 -0.06688707 0.02972362 -0.1105202
0.09102018 -0.01401514 0.0896749 -0.06688707 0.02972362 -0.1105202
0.09102018 -0.01401514 0.0896749 -0.06688707 0.02972362 -0.1105202
0.09687132 0.002882131 0.06338275 0.04062388 0.1263577 -0.02425057
0.1013178 -0.01843067 0.04805174 0.0412057 0.1005631 -0.04911236
0.1013178 -0.01843067 0.04805174 0.0412057 0.1005631 -0.04911236
0.1013178 -0.01843067 0.04805174 0.0412057 0.1005631 -0.04911236
0.1013178 -0.01843067 0.04805174 0.0412057 0.1005631 -0.04911236
0.1013178 -0.01843067 0.04805174 0.0412057 0.1005631 -0.04911236
0.1013178 -0.01843067 0.04805174 0.0412057 0.1005631 -0.04911236
0.1013178 -0.01843067 0.04805174 0.0412057 0.1005631 -0.04911236
0.1013178 -0.01843067 0.04805174 0.0412057 0.1005631 -0.04911236
0.1013178 -0.01843067 0.04805174 0.0412057 0.1005631 -0.04911236
0.1013178 -0.01843067 0.04805174 0.0412057 0.1005631 -0.04911236
0.1013178 -0.01843067 0.04805174 0.0412057 0.1005631 -0.04911236
0.1013178 -0.01843067 0.04805174 0.0412057 0.1005631 -0.04911236
0.1013178 -0.01843067 0.04805174 0.0412057 0.1005631 -0.04911236
0.1013178 -0.01843067 0.04805174 0.0412057 0.1005631 -0.04911236
0.1013178 -0.01843067 0.04805174 0.0412057 0.1005631 -0.04911236
0.1349948 -0.03994911 0.07835207 -0.01429886 0.05849373 -0.07840732
0.1277707 -0.05651649 0.07145923 -0.03013666 0.06312346 -0.08338889
0.1277707 -0.05651649 0.07145923 -0.03013666 0.06312346 -0.08338889
0.1277707 -0.05651649 0.07145923 -0.03013666 0.06312346 -0.08338889
0.1277707 -0.05651649 0.07145923 -0.03013666 0.06312346 -0.08338889
0.1277707 -0.05651649 0.07145923 -0.03013666 0.06312346 -0.08338889
0.1277707 -0.05651649 0.07145923 -0.03013666 0.06312346 -0.08338889
0.1277707 -0.05651649 0.07145923 -0.03013666 0.06312346 -0.08338889
0.1277707 -0.05651649 0.07145923 -0.03013666 0.06312346 -0.08338889
0.1277707 -0.05651649 0.07145923 -0.03013666 0.06312346 -0.08338889
0.1277707 -0.05651649 0.07145923 -0.03013666 0.06312346 -0.08338889
0.1339101 -0.06798278 0.0902769 -0.05750754 0.06553717 -0.06265099
0.1339101 -0.06798278 0.0902769 -0.05750754 0.06553717 -0.06265099
0.1339101 -0.06798278 0.0902769 -0.05750754 0.06553717 -0.06265099
0.1361559 -0.05548163 0.0661329 -0.1188424 0.097389 -0.04459555
0.1159332 -0.1393006 0.09069238 -0.03121973 0.02481873 -0.09200452
0.112873 -0.1315363 0.07974544 -0.08059689 0.06078608 -0.0750531
0.1105213 -0.1205561 0.07975948 -0.07399759 0.05254411 -0.06785916
0.1362237 -0.1448518 0.0708229 -0.08257388 0.0413558 -0.06946273
0.1283695 -0.1427529 0.06166186 -0.06837746 0.07384043 -0.07399364
0.1283695 -0.1427529 0.06166186 -0.06837746 0.07384043 -0.07399364
0.1283695 -0.1427529 0.06166186 -0.06837746 0.07384043 -0.07399364
0.1283695 -0.1427529 0.06166186 -0.06837746 0.07384043 -0.07399364
0.1469728 -0.1019048 0.08886862 -0.07861871 0.02763283 -0.09091753
0.1008278 -0.09632891 0.06406218 -0.03043833 0.07104198 -0.07575404
0.1008278 -0.09632891 0.06406218 -0.03043833 0.07104198 -0.07575404
0.1008278 -0.09632891 0.06406218 -0.03043833 0.07104198 -0.07575404
0.1008278 -0.09632891 0.06406218 -0.03043833 0.07104198 -0.07575404
0.09546433 -0.0953353 0.09406081 -0.0230651 0.03259892 -0.1223532
0.1258417 -0.09354269 0.05713416 -0.02551622 0.03411637 -0.1053328
0.1258417 -0.09354269 0.05713416 -0.02551622 0.03411637 -0.1053328
0.1258417 -0.09354269 0.05713416 -0.02551622 0.03411637 -0.1053328
0.1207788 -0.09111226 0.07623746 -0.06050427 0.0669436 -0.08372989
0.1207788 -0.09111226 0.07623746 -0.06050427 0.0669436 -0.08372989
0.1207788 -0.09111226 0.07623746 -0.06050427 0.0669436 -0.08372989
0.1207788 -0.09111226 0.07623746 -0.06050427 0.0669436 -0.08372989
0.1207788 -0.09111226 0.07623746 -0.06050427 0.0669436 -0.08372989
0.1207788 -0.09111226 0.07623746 -0.06050427 0.0669436 -0.08372989
0.1207788 -0.09111226 0.07623746 -0.06050427 0.0669436 -0.08372989
0.1207788 -0.09111226 0.07623746 -0.06050427 0.0669436 -0.08372989
0.1310455 -0.07801137 0.03898703 -0.02890787 0.08786139 -0.08714516
0.1434426 -0.06817571 0.08829015 0.004921231 0.09353638 -0.07377294
0.1447249 -0.0662012 0.05763815 -0.02674698 0.1070402 -0.07712302
0.132567 -0.06414975 0.0554757 -0.0503756 0.0972589 -0.09663309
0.1381205 -0.07071438 0.09677032 -0.0227809 0.08691555 -0.07760835
0.1053222 -0.07427031 0.05188666 -0.054068 0.1227688 -0.09994517
0.1217597 -0.06293054 0.06637179 -0.03911122 0.1256629 -0.0751905
0.1253174 -0.06209658 0.08523111 -0.05363743 0.1174934 -0.0802443
0.1253174 -0.06209658 0.08523111 -0.05363743 0.1174934 -0.0802443
0.1253174 -0.06209658 0.08523111 -0.05363743 0.1174934 -0.0802443
0.1253174 -0.06209658 0.08523111 -0.05363743 0.1174934 -0.0802443
0.1253174 -0.06209658 0.08523111 -0.05363743 0.1174934 -0.0802443
0.1253174 -0.06209658 0.08523111 -0.05363743 0.1174934 -0.0802443
0.1253174 -0.06209658 0.08523111 -0.05363743 0.1174934 -0.0802443
0.1170963 -0.06017886 0.07119419 -0.05287102 0.1126617 -0.05497326
0.1170963 -0.06017886 0.07119419 -0.05287102 0.1126617 -0.05497326
0.1170963 -0.06017886 0.07119419 -0.05287102 0.1126617 -0.05497326
0.1170963 -0.06017886 0.07119419 -0.05287102 0.1126617 -0.05497326
0.1170963 -0.06017886 0.07119419 -0.05287102 0.1126617 -0.05497326
0.1170963 -0.06017886 0.07119419 -0.05287102 0.1126617 -0.05497326
0.1170963 -0.06017886 0.07119419 -0.05287102 0.1126617 -0.05497326
0.133732 -0.05371512 0.07579326 -0.05213858 0.08741666 -0.08138546
0.1407899 -0.04155132 0.07230414 -0.06108793 0.07106178 -0.1129761
0.1276931 -0.07690158 0.07158788 0.01137451 0.04930941 -0.08769292
0.1321924 -0.08714966 0.06208774 -0.00787876 0.06346664 -0.07880024
0.1321924 -0.08714966 0.06208774 -0.00787876 0.06346664 -0.07880024
0.1321924 -0.08714966 0.06208774 -0.00787876 0.06346664 -0.07880024
0.1321924 -0.08714966 0.06208774 -0.00787876 0.06346664 -0.07880024
0.1321924 -0.08714966 0.06208774 -0.00787876 0.06346664 -0.07880024
0.1217555 -0.09651266 0.09512702 -0.08828361 0.05957245 -0.1169514
0.1224205 -0.0837988 0.08515683 -0.09888738 0.06877406 -0.1058365
0.1253704 -0.08118202 0.0907007 -0.1101979 0.05732593 -0.1211614
0.1253704 -0.08118202 0.0907007 -0.1101979 0.05732593 -0.1211614
0.1253704 -0.08118202 0.0907007 -0.1101979 0.05732593 -0.1211614
0.1253704 -0.08118202 0.0907007 -0.1101979 0.05732593 -0.1211614
0.1253704 -0.08118202 0.0907007 -0.1101979 0.05732593 -0.1211614
0.1352329 -0.08916716 0.09411168 -0.04509011 0.09552453 -0.08399517
0.1399131 -0.07767361 0.09144805 -0.02525397 0.08758924 -0.07864499
0.1399131 -0.07767361 0.09144805 -0.02525397 0.08758924 -0.07864499
0.1399131 -0.07767361 0.09144805 -0.02525397 0.08758924 -0.07864499
0.1399131 -0.07767361 0.09144805 -0.02525397 0.08758924 -0.07864499
0.1399131 -0.07767361 0.09144805 -0.02525397 0.08758924 -0.07864499
0.1426337 -0.06549987 0.0961514 -0.04811161 0.06073892 -0.1210184
0.1492343 -0.05403172 0.1037525 -0.0397686 0.0727607 -0.1495781
0.1572421 -0.06811374 0.1154989 -0.02246837 0.0499733 -0.0995318
0.14958 -0.08710482 0.1158349 -0.02962361 0.01970468 -0.1436574
0.1063998 -0.07774003 0.09522323 -0.08226129 0.08962655 -0.08859753
0.1124757 -0.05755549 0.1028408 -0.1093983 0.06503443 -0.1048252
0.1182126 -0.04610154 0.100387 -0.08924866 0.06639646 -0.05796655
0.1219715 -0.04538803 0.1017907 -0.06122641 0.04676926 -0.09214318
0.1219715 -0.04538803 0.1017907 -0.06122641 0.04676926 -0.09214318
0.1219715 -0.04538803 0.1017907 -0.06122641 0.04676926 -0.09214318
0.1219715 -0.04538803 0.1017907 -0.06122641 0.04676926 -0.09214318
0.1219715 -0.04538803 0.1017907 -0.06122641 0.04676926 -0.09214318
0.1219715 -0.04538803 0.1017907 -0.06122641 0.04676926 -0.09214318
0.1637239 -0.08176964 0.1213187 0.03561698 0.04026084 -0.1373759
0.1663869 -0.09967791 0.1259576 0.07013044 0.04796394 -0.1225349
0.1663869 -0.09967791 0.1259576 0.07013044 0.04796394 -0.1225349
0.1663869 -0.09967791 0.1259576 0.07013044 0.04796394 -0.1225349
0.1663869 -0.09967791 0.1259576 0.07013044 0.04796394 -0.1225349
0.1663869 -0.09967791 0.1259576 0.07013044 0.04796394 -0.1225349
0.1663869 -0.09967791 0.1259576 0.07013044 0.04796394 -0.1225349
0.1663869 -0.09967791 0.1259576 0.07013044 0.04796394 -0.1225349
0.1663869 -0.09967791 0.1259576 0.07013044 0.04796394 -0.1225349
0.1663869 -0.09967791 0.1259576 0.07013044 0.04796394 -0.1225349
0.1663869 -0.09967791 0.1259576 0.07013044 0.04796394 -0.1225349
0.1663869 -0.09967791 0.1259576 0.07013044 0.04796394 -0.1225349
0.1663869 -0.09967791 0.1259576 0.07013044 0.04796394 -0.1225349
0.1463056 -0.07315784 0.04374437 -0.01896303 0.1025288 -0.09340123
0.1378049 -0.08310939 0.1081334 -0.05384584 0.06762171 -0.08160564
0.09599362 -0.07136256 0.04919347 -0.1001711 0.07914998 -0.09434667
0.09599362 -0.07136256 0.04919347 -0.1001711 0.07914998 -0.09434667
0.09599362 -0.07136256 0.04919347 -0.1001711 0.07914998 -0.09434667
0.09599362 -0.07136256 0.04919347 -0.1001711 0.07914998 -0.09434667
0.09599362 -0.07136256 0.04919347 -0.1001711 0.07914998 -0.09434667
0.07862265 -0.02887392 0.01254585 -0.1030681 0.02896981 -0.1544645
0.111872 -0.02723082 0.0411519 -0.03143116 0.01798372 -0.1320458
0.111872 -0.02723082 0.0411519 -0.03143116 0.01798372 -0.1320458
0.111872 -0.02723082 0.0411519 -0.03143116 0.01798372 -0.1320458
0.111872 -0.02723082 0.0411519 -0.03143116 0.01798372 -0.1320458
0.1244247 -0.04530042 0.06972276 -0.006791566 0.08386348 -0.06683091
0.1253811 -0.04401822 0.06963632 -0.02905765 0.08778488 -0.07633255
0.1253811 -0.04401822 0.06963632 -0.02905765 0.08778488 -0.07633255
0.1253811 -0.04401822 0.06963632 -0.02905765 0.08778488 -0.07633255
0.1204786 -0.04988624 0.08031989 -0.02794592 0.05274415 -0.1345727
0.1101804 -0.03395753 0.04647103 -0.0929435 0.06720796 -0.1563008
0.1101804 -0.03395753 0.04647103 -0.0929435 0.06720796 -0.1563008
0.1101804 -0.03395753 0.04647103 -0.0929435 0.06720796 -0.1563008
0.1101804 -0.03395753 0.04647103 -0.0929435 0.06720796 -0.1563008
0.1101804 -0.03395753 0.04647103 -0.0929435 0.06720796 -0.1563008
0.1101804 -0.03395753 0.04647103 -0.0929435 0.06720796 -0.1563008
0.1101804 -0.03395753 0.04647103 -0.0929435 0.06720796 -0.1563008
0.1101804 -0.03395753 0.04647103 -0.0929435 0.06720796 -0.1563008
0.1101804 -0.03395753 0.04647103 -0.0929435 0.06720796 -0.1563008
0.1101804 -0.03395753 0.04647103 -0.0929435 0.06720796 -0.1563008
0.1101804 -0.03395753 0.04647103 -0.0929435 0.06720796 -0.1563008
0.1101804 -0.03395753 0.04647103 -0.0929435 0.06720796 -0.1563008
0.1338216 -0.04617565 0.1108596 -0.09272753 0.08116138 -0.06277437
0.1337001 -0.04261158 0.1192332 -0.05156237 0.0575875 -0.1091181
0.1321925 -0.03681988 0.08700598 -0.04823739 0.0350593 -0.1531249
0.116972 -0.1370887 0.09051188 -0.03481393 0.02270688 -0.1404335
0.1051405 -0.08936743 0.06066784 -0.05944167 0.04256273 -0.1304653
0.1051405 -0.08936743 0.06066784 -0.05944167 0.04256273 -0.1304653
0.1157662 -0.1051735 0.08903804 -0.1018172 0.01864801 -0.1285326
0.1397191 -0.1227639 0.1231257 -0.09261408 0.02048133 -0.0564937
0.132228 -0.1024637 0.1180451 -0.1034753 0.009486122 -0.08077119
0.1424673 -0.1045696 0.109104 -0.123688 0.02373359 -0.1144772
0.1424673 -0.1045696 0.109104 -0.123688 0.02373359 -0.1144772
0.1359375 -0.07413849 0.1061666 -0.1211556 0.00575511 -0.135014
0.1338723 -0.108835 0.1550063 -0.1114243 0.01502093 -0.05533481
0.1367894 -0.1143776 0.1509606 -0.1296438 0.0002893256 -0.08852036
0.1367894 -0.1143776 0.1509606 -0.1296438 0.0002893256 -0.08852036
0.1367894 -0.1143776 0.1509606 -0.1296438 0.0002893256 -0.08852036
0.1294126 -0.08936198 0.1092192 -0.1130852 0.03862216 -0.117095
0.1361336 -0.07210936 0.1164591 -0.1208129 0.03722264 -0.1035231
0.1429077 -0.07089429 0.1052419 -0.06250425 0.04780118 -0.09504674
0.1429077 -0.07089429 0.1052419 -0.06250425 0.04780118 -0.09504674
0.1478335 -0.03650891 0.08236089 -0.04990378 0.06147295 -0.1238084
0.1558433 -0.0160445 0.05501949 -0.00995795 0.09322667 -0.1085005
0.1329484 -0.09875104 0.1290205 -0.007409731 -0.008296235 -0.1587517
0.124201 -0.09204508 0.1058738 -0.04698222 0.005701396 -0.1792801
0.1210338 -0.06433773 0.09856987 -0.09744677 0.0003059106 -0.1484841
0.1210338 -0.06433773 0.09856987 -0.09744677 0.0003059106 -0.1484841
0.1210338 -0.06433773 0.09856987 -0.09744677 0.0003059106 -0.1484841
0.1210338 -0.06433773 0.09856987 -0.09744677 0.0003059106 -0.1484841
0.1446646 -0.095878 0.1656007 -0.0880178 -0.01983174 -0.1205582
0.1528034 -0.09302898 0.1476706 -0.1157104 -0.0369352 -0.1168262
0.1427613 -0.1314184 0.1568234 -0.08545128 -0.002616444 -0.09023136
0.1556296 -0.1261636 0.1512723 -0.0546605 -0.01214504 -0.08541697
0.1438951 -0.1176134 0.1230542 -0.05901283 -0.01082679 -0.1092877
0.1438951 -0.1176134 0.1230542 -0.05901283 -0.01082679 -0.1092877
0.1438951 -0.1176134 0.1230542 -0.05901283 -0.01082679 -0.1092877
0.1460628 -0.1193982 0.117467 -0.09582999 0.0183372 -0.08629454
0.1460628 -0.1193982 0.117467 -0.09582999 0.0183372 -0.08629454
0.1460628 -0.1193982 0.117467 -0.09582999 0.0183372 -0.08629454
0.1435948 -0.0823023 0.1149764 -0.08256404 0.03922852 -0.07060345
0.1581795 -0.07248938 0.138492 0.02252987 0.005322687 -0.1353064
0.1312854 -0.1142395 0.1438517 0.01671189 0.05812787 -0.08624252
0.1312854 -0.1142395 0.1438517 0.01671189 0.05812787 -0.08624252
0.1312854 -0.1142395 0.1438517 0.01671189 0.05812787 -0.08624252
0.1312854 -0.1142395 0.1438517 0.01671189 0.05812787 -0.08624252
0.1312854 -0.1142395 0.1438517 0.01671189 0.05812787 -0.08624252
0.1428344 -0.1087395 0.1590295 0.02800567 0.05041707 -0.09404591
0.1466525 -0.108563 0.107586 0.001086498 0.03192696 -0.1259193
0.1466525 -0.108563 0.107586 0.001086498 0.03192696 -0.1259193
0.1654947 -0.120504 0.1624526 0.04500813 0.007129362 -0.09804714
0.1623396 -0.1190511 0.1416791 0.06297145 0.01535622 -0.1100373
0.1560898 -0.08716023 0.08488201 0.05737536 0.06287999 -0.1204588
0.1611361 -0.09303898 0.1219961 0.01512872 0.04192433 -0.1070141
0.151557 -0.05887294 0.09144311 0.03229333 0.05981934 -0.1089748
0.151557 -0.05887294 0.09144311 0.03229333 0.05981934 -0.1089748
0.151557 -0.05887294 0.09144311 0.03229333 0.05981934 -0.1089748
0.151557 -0.05887294 0.09144311 0.03229333 0.05981934 -0.1089748
0.151557 -0.05887294 0.09144311 0.03229333 0.05981934 -0.1089748
0.1558242 -0.06420073 0.1152375 0.005032345 0.08147521 -0.09599543
0.1558242 -0.06420073 0.1152375 0.005032345 0.08147521 -0.09599543
0.1473544 -0.06034209 0.1172686 0.0005054451 0.04610146 -0.1232768
0.1531845 -0.04886082 0.07174632 0.001260193 0.04254805 -0.1419319
0.1447828 -0.08847912 0.1171757 0.01739075 0.01631787 -0.1087867
0.1447828 -0.08847912 0.1171757 0.01739075 0.01631787 -0.1087867
0.1447828 -0.08847912 0.1171757 0.01739075 0.01631787 -0.1087867
0.1447828 -0.08847912 0.1171757 0.01739075 0.01631787 -0.1087867
0.1447828 -0.08847912 0.1171757 0.01739075 0.01631787 -0.1087867
0.1447828 -0.08847912 0.1171757 0.01739075 0.01631787 -0.1087867
0.1447828 -0.08847912 0.1171757 0.01739075 0.01631787 -0.1087867
0.1447828 -0.08847912 0.1171757 0.01739075 0.01631787 -0.1087867
0.1447828 -0.08847912 0.1171757 0.01739075 0.01631787 -0.1087867
0.1389664 -0.08740159 0.1047113 -0.004992661 0.04736236 -0.08804587
0.1416073 -0.07642356 0.106802 -0.02839484 0.007175873 -0.122164
0.1433333 -0.05757798 0.09164435 -0.02611133 0.04763804 -0.1204087
0.1541322 -0.05668671 0.07670967 0.04269075 0.05133876 -0.08699977
0.1594094 -0.0566612 0.1066998 0.05913049 0.03731756 -0.1152874
0.1594094 -0.0566612 0.1066998 0.05913049 0.03731756 -0.1152874
0.1594094 -0.0566612 0.1066998 0.05913049 0.03731756 -0.1152874
0.1592001 -0.06053663 0.1008514 0.04044468 0.05318803 -0.109893
0.1203208 -0.07508757 0.07807811 0.09542798 0.07285516 -0.09269711
0.1377796 -0.102748 0.09102444 0.06540703 0.07006747 -0.03494055
0.117424 -0.07774242 0.07073525 -0.04415994 0.03326039 -0.1514384
0.1220374 -0.07300369 0.07152251 -0.08501423 0.03184348 -0.09570132
0.14416 -0.04516578 0.1271395 -0.04811683 0.0240659 -0.1157854
0.14416 -0.04516578 0.1271395 -0.04811683 0.0240659 -0.1157854
0.1573429 -0.05858312 0.1397842 -0.0433273 0.05382516 -0.0544367
0.1573429 -0.05858312 0.1397842 -0.0433273 0.05382516 -0.0544367
0.1656058 -0.05246286 0.1194735 -0.01543318 0.07432429 -0.04771253
0.1656058 -0.05246286 0.1194735 -0.01543318 0.07432429 -0.04771253
0.1623794 -0.04028841 0.1097401 -0.03837097 0.06093981 -0.0863542
0.1608055 -0.0355618 0.09939425 -0.033232 0.07157624 -0.0645021
0.08841153 -0.04836827 0.06647624 -0.07562941 0.07256544 -0.1308156
0.08117101 -0.02276111 0.07654387 -0.07201724 0.01478675 -0.1809693
0.09816193 -0.01100723 0.03847019 -0.05922153 0.06920195 -0.08859172
0.1094668 -0.01096674 0.02140482 -0.05988772 0.07933433 -0.05621346
0.132208 -0.0752859 0.1313086 -0.02172741 0.05819903 -0.04942866
0.1547325 -0.05261841 0.1081105 0.003471667 0.02437721 -0.1348199
0.1692344 -0.05797013 0.07079 0.01026461 0.04601574 -0.07417538
0.1583995 -0.04838236 0.07195964 -0.03379691 0.05884363 -0.07859229
0.1293517 -0.06055929 0.04494797 -0.04104215 0.1027454 -0.03966748
0.1293517 -0.06055929 0.04494797 -0.04104215 0.1027454 -0.03966748
0.1293517 -0.06055929 0.04494797 -0.04104215 0.1027454 -0.03966748
0.1293517 -0.06055929 0.04494797 -0.04104215 0.1027454 -0.03966748
0.1293517 -0.06055929 0.04494797 -0.04104215 0.1027454 -0.03966748
0.1293517 -0.06055929 0.04494797 -0.04104215 0.1027454 -0.03966748
0.1293517 -0.06055929 0.04494797 -0.04104215 0.1027454 -0.03966748
0.1293517 -0.06055929 0.04494797 -0.04104215 0.1027454 -0.03966748
0.1293517 -0.06055929 0.04494797 -0.04104215 0.1027454 -0.03966748
0.1293517 -0.06055929 0.04494797 -0.04104215 0.1027454 -0.03966748
0.1393407 -0.07407323 0.08688296 -0.03747023 0.07797853 -0.03084557
0.1393407 -0.07407323 0.08688296 -0.03747023 0.07797853 -0.03084557
0.1245701 -0.0655046 0.06046732 -0.1062503 0.05301549 -0.09220343
0.1245701 -0.0655046 0.06046732 -0.1062503 0.05301549 -0.09220343
0.1245701 -0.0655046 0.06046732 -0.1062503 0.05301549 -0.09220343
0.1245701 -0.0655046 0.06046732 -0.1062503 0.05301549 -0.09220343
0.139277 -0.06949965 0.06326491 -0.08219083 0.06252065 -0.1034525
0.1401363 -0.06623699 0.08582206 -0.07083195 0.0776284 -0.1057881
0.1383933 -0.05218723 0.08948846 -0.06628571 0.04163954 -0.1315073
0.1489015 -0.03931041 0.1139094 -0.05208412 0.08957621 -0.1179862
0.09766091 -0.03091524 0.007432379 -0.0284527 0.1147253 -0.1174717
0.09766091 -0.03091524 0.007432379 -0.0284527 0.1147253 -0.1174717
0.09766091 -0.03091524 0.007432379 -0.0284527 0.1147253 -0.1174717
0.09766091 -0.03091524 0.007432379 -0.0284527 0.1147253 -0.1174717
0.09766091 -0.03091524 0.007432379 -0.0284527 0.1147253 -0.1174717
0.09766091 -0.03091524 0.007432379 -0.0284527 0.1147253 -0.1174717
0.09766091 -0.03091524 0.007432379 -0.0284527 0.1147253 -0.1174717
0.09902155 -0.06412175 0.02045678 -0.03633779 0.1179054 -0.06303857
0.09902155 -0.06412175 0.02045678 -0.03633779 0.1179054 -0.06303857
0.09902155 -0.06412175 0.02045678 -0.03633779 0.1179054 -0.06303857
0.09902155 -0.06412175 0.02045678 -0.03633779 0.1179054 -0.06303857
0.09902155 -0.06412175 0.02045678 -0.03633779 0.1179054 -0.06303857
0.09902155 -0.06412175 0.02045678 -0.03633779 0.1179054 -0.06303857
0.09902155 -0.06412175 0.02045678 -0.03633779 0.1179054 -0.06303857
0.09902155 -0.06412175 0.02045678 -0.03633779 0.1179054 -0.06303857
0.09902155 -0.06412175 0.02045678 -0.03633779 0.1179054 -0.06303857
0.1224154 -0.04306255 0.0259952 -0.02911736 0.071655 -0.0610288
0.1224154 -0.04306255 0.0259952 -0.02911736 0.071655 -0.0610288
0.1410778 -0.06056754 0.05053218 -0