-0.159975 0.4871728 -0.3382742 -0.3464602 -0.09569659 0.1721564
-0.1417372 0.5160844 -0.3501547 -0.3658461 -0.1109098 0.1338917
-0.1456577 0.5221773 -0.3523158 -0.3257929 -0.1301828 0.1599697
-0.1456577 0.5221773 -0.3523158 -0.3257929 -0.1301828 0.1599697
-0.1516648 0.4664389 -0.300901 -0.3550545 -0.1546692 0.1772599
-0.1450348 0.4620563 -0.3047412 -0.3159332 -0.1478592 0.1161447
-0.130484 0.490177 -0.3038163 -0.3304423 -0.1684725 0.1232483
-0.112245 0.4897993 -0.3130137 -0.3318411 -0.1140314 0.127944
-0.1232768 0.5311161 -0.326839 -0.342352 -0.1115623 0.1196089
-0.1211156 0.5391577 -0.3338853 -0.3709161 -0.1460733 0.1007991
-0.1001129 0.5564784 -0.2877759 -0.3637248 -0.1219993 0.1299393
-0.148103 0.5515795 -0.3046229 -0.3320861 -0.1208318 0.1242745
-0.1458331 0.5372365 -0.3273501 -0.2826436 -0.1030442 0.1303809
-0.119187 0.5111075 -0.2931001 -0.3407839 -0.1301756 0.1197124
-0.1024974 0.4639654 -0.2876448 -0.3299878 -0.05970406 0.2008385
-0.03375756 0.4714833 -0.3030571 -0.3024692 -0.08464095 0.2017885
-0.09268147 0.3379964 -0.2310596 -0.2817828 -0.1139017 0.2053939
-0.0938502 0.3739575 -0.2511807 -0.3187972 -0.1474635 0.1460726
-0.1020554 0.4427218 -0.3496644 -0.3355381 -0.09133028 0.1662425
-0.086647 0.4433657 -0.3140412 -0.3074504 -0.06715624 0.2115078
-0.06217456 0.4739849 -0.2955801 -0.2483425 -0.1076588 0.1690598
-0.1146852 0.4124843 -0.2899639 -0.3191221 -0.08910141 0.1786488
-0.0929032 0.4422548 -0.2827971 -0.4311867 -0.07247173 0.177323
-0.1492961 0.6389091 -0.3501016 -0.3759284 -0.04038885 0.1050206
-0.1027547 0.5744793 -0.2730541 -0.48401 -0.06462076 0.1632316
-0.1497449 0.5316788 -0.3206678 -0.4357462 -0.0597099 0.1727578
-0.06721926 0.4230534 -0.2003719 -0.3598335 -0.08048223 0.1944445
-0.06690289 0.3568704 -0.2374386 -0.358847 -0.1087081 0.2241772
-0.05222737 0.3862505 -0.2343991 -0.41839 -0.1071681 0.2179821
-0.1136323 0.3202092 -0.2373709 -0.3802898 -0.05937994 0.2298548
-0.1299977 0.484562 -0.3424508 -0.2632354 -0.03176928 0.2225305
-0.1164114 0.4953524 -0.324024 -0.3134217 -0.05316534 0.2012562
-0.05803382 0.4564534 -0.2403838 -0.3762699 -0.07747117 0.20075
-0.06744217 0.4560318 -0.2505676 -0.2583963 -0.08862783 0.2009456
-0.1513697 0.4668932 -0.3563171 -0.3039545 -0.09219991 0.1572074
-0.04928008 0.3592295 -0.2269751 -0.4051349 -0.08956364 0.2255107
-0.1281784 0.377866 -0.3182163 -0.4510431 -0.123045 0.1486161
-0.1251272 0.4247623 -0.3211702 -0.4697406 -0.09588201 0.1697583
-0.1076472 0.3978936 -0.2869853 -0.5544506 -0.05590065 0.1986755
-0.08877162 0.3369971 -0.2930901 -0.5286129 -0.05667102 0.2148615
-0.08994277 0.4597549 -0.3259066 -0.5217416 -0.0553061 0.1358728
-0.1295855 0.3878998 -0.3886208 -0.3707522 -0.03423545 0.1185832
-0.1307239 0.3518754 -0.3201658 -0.3875599 -0.04244574 0.1701029
-0.1508638 0.3935931 -0.3519601 -0.4418077 -0.03616552 0.171803
-0.1508638 0.3935931 -0.3519601 -0.4418077 -0.03616552 0.171803
-0.1151471 0.4146957 -0.3522062 -0.4081099 -0.08179903 0.142706
-0.1325748 0.4656428 -0.3639141 -0.4534349 -0.05344988 0.1297175
-0.1234045 0.4683733 -0.3280115 -0.527554 -0.0813759 0.1365592
-0.1234045 0.4683733 -0.3280115 -0.527554 -0.0813759 0.1365592
-0.1234045 0.4683733 -0.3280115 -0.527554 -0.0813759 0.1365592
-0.1281818 0.4917133 -0.3285849 -0.5072846 -0.09981624 0.1184264
-0.1281818 0.4917133 -0.3285849 -0.5072846 -0.09981624 0.1184264
-0.1281818 0.4917133 -0.3285849 -0.5072846 -0.09981624 0.1184264
-0.1281818 0.4917133 -0.3285849 -0.5072846 -0.09981624 0.1184264
-0.1281818 0.4917133 -0.3285849 -0.5072846 -0.09981624 0.1184264
-0.1281818 0.4917133 -0.3285849 -0.5072846 -0.09981624 0.1184264
-0.1281818 0.4917133 -0.3285849 -0.5072846 -0.09981624 0.1184264
-0.09001556 0.4084991 -0.232034 -0.4568681 -0.07491569 0.2009766
-0.0695224 0.3240743 -0.2712882 -0.5172142 -0.1268097 0.1566768
-0.0695224 0.3240743 -0.2712882 -0.5172142 -0.1268097 0.1566768
-0.0695224 0.3240743 -0.2712882 -0.5172142 -0.1268097 0.1566768
-0.0695224 0.3240743 -0.2712882 -0.5172142 -0.1268097 0.1566768
-0.0695224 0.3240743 -0.2712882 -0.5172142 -0.1268097 0.1566768
-0.1255604 0.488124 -0.3197236 -0.5289587 -0.08699171 0.1484481
-0.1802058 0.5138563 -0.406121 -0.5043797 -0.01444051 0.1588818
-0.1802058 0.5138563 -0.406121 -0.5043797 -0.01444051 0.1588818
-0.1458525 0.5130111 -0.3651021 -0.469848 -0.0543757 0.1369058
-0.1455178 0.5140104 -0.3626059 -0.4523863 -0.07891218 0.1272699
-0.1420727 0.5329918 -0.3594439 -0.3577629 -0.02576506 0.1407666
-0.07355868 0.4227647 -0.251878 -0.2960382 -0.1044828 0.1696324
-0.07355868 0.4227647 -0.251878 -0.2960382 -0.1044828 0.1696324
-0.1365273 0.5079309 -0.3596085 -0.4148561 -0.00660141 0.1774182
-0.1365273 0.5079309 -0.3596085 -0.4148561 -0.00660141 0.1774182
-0.1365273 0.5079309 -0.3596085 -0.4148561 -0.00660141 0.1774182
-0.1365273 0.5079309 -0.3596085 -0.4148561 -0.00660141 0.1774182
-0.1365273 0.5079309 -0.3596085 -0.4148561 -0.00660141 0.1774182
-0.1365273 0.5079309 -0.3596085 -0.4148561 -0.00660141 0.1774182
-0.1365273 0.5079309 -0.3596085 -0.4148561 -0.00660141 0.1774182
-0.08387281 0.4304235 -0.3171085 -0.3655477 -0.05869164 0.1845986
-0.08387281 0.4304235 -0.3171085 -0.3655477 -0.05869164 0.1845986
-0.08387281 0.4304235 -0.3171085 -0.3655477 -0.05869164 0.1845986
-0.08387281 0.4304235 -0.3171085 -0.3655477 -0.05869164 0.1845986
-0.08387281 0.4304235 -0.3171085 -0.3655477 -0.05869164 0.1845986
-0.08387281 0.4304235 -0.3171085 -0.3655477 -0.05869164 0.1845986
-0.08387281 0.4304235 -0.3171085 -0.3655477 -0.05869164 0.1845986
-0.08387281 0.4304235 -0.3171085 -0.3655477 -0.05869164 0.1845986
-0.08387281 0.4304235 -0.3171085 -0.3655477 -0.05869164 0.1845986
-0.09155342 0.4132671 -0.3636784 -0.3295675 -0.026532 0.1529226
-0.1065252 0.4543596 -0.3709066 -0.3391747 -0.03364498 0.1183099
-0.07456259 0.4162869 -0.2944165 -0.2870022 -0.08280371 0.1511389
-0.1615968 0.4787834 -0.3731456 -0.3023733 -0.03219778 0.1420326
-0.1615968 0.4787834 -0.3731456 -0.3023733 -0.03219778 0.1420326
-0.1615968 0.4787834 -0.3731456 -0.3023733 -0.03219778 0.1420326
-0.1469417 0.5586656 -0.3974995 -0.2813387 -0.02043524 0.1389416
-0.09060411 0.5009985 -0.3042553 -0.2970141 -0.03727892 0.1603702
-0.151725 0.4625262 -0.3632294 -0.335456 -0.06657512 0.1408532
-0.151725 0.4625262 -0.3632294 -0.335456 -0.06657512 0.1408532
-0.09923922 0.5158318 -0.3396082 -0.3350334 -0.00729286 0.1199432
-0.1252375 0.4142975 -0.3316822 -0.4012254 -0.02926412 0.1530199
-0.05087076 0.3791454 -0.2249919 -0.1741443 0.1582849 0.0335407
-0.05087076 0.3791454 -0.2249919 -0.1741443 0.1582849 0.0335407
-0.05087076 0.3791454 -0.2249919 -0.1741443 0.1582849 0.0335407
-0.009614319 0.2971628 -0.1804571 -0.2092725 0.04097028 0.05048162
4.586374E-05 0.3560505 -0.2002377 -0.2166202 0.08683745 0.02533627
-0.08439128 0.3125874 -0.232177 -0.2141293 0.08309315 0.02930522
-0.08439128 0.3125874 -0.232177 -0.2141293 0.08309315 0.02930522
-0.08439128 0.3125874 -0.232177 -0.2141293 0.08309315 0.02930522
-0.02104226 0.3782106 -0.2037044 -0.2751897 0.1273805 0.02988099
-0.08793651 0.3924624 -0.228608 -0.3183434 0.07787164 0.05009084
-0.03308845 0.3330627 -0.1991051 -0.3522126 0.06259023 0.009861541
0.0001635691 0.3722944 -0.187718 -0.3029044 0.07364637 0.02924986
-0.07419165 0.3227115 -0.1737294 -0.3752212 0.03680122 0.05023286
-0.07419165 0.3227115 -0.1737294 -0.3752212 0.03680122 0.05023286
-0.01497126 0.3190833 -0.1954899 -0.316794 0.05640751 0.02647258
-0.06748913 0.3006452 -0.2141813 -0.3227694 0.08280357 0.0900088
-0.02506711 0.2868153 -0.1363534 -0.2885788 0.0511617 0.1001469
0.01383999 0.3298512 -0.2040209 -0.296872 0.03015947 0.03439025
-0.06355374 0.2587826 -0.1949401 -0.270104 -0.005191971 0.04283065
-0.02608328 0.2642579 -0.1910678 -0.2787125 0.01370976 0.05463684
0.005743845 0.3034889 -0.1858886 -0.2732275 0.08623767 0.06930186
-0.05968289 0.3009129 -0.239515 -0.2683157 0.05640974 0.02391959
-0.04240124 0.3344873 -0.2207809 -0.2373555 0.07657736 0.02114754
-0.05226104 0.3957989 -0.2435674 -0.2844798 0.08711501 0.03405263
-0.1109225 0.3367851 -0.2832597 -0.3281963 0.1438152 0.1092411
-0.0305266 0.3144348 -0.2011354 -0.2949171 0.1069354 0.09115691
-0.009487048 0.3274898 -0.2544819 -0.2216448 0.1568473 0.08651701
-0.07090123 0.3045118 -0.2187295 -0.2361134 0.05415765 0.08149665
-0.07090123 0.3045118 -0.2187295 -0.2361134 0.05415765 0.08149665
-0.02598573 0.2861609 -0.2163529 -0.2448307 0.1267691 0.0931697
-0.02332493 0.2976962 -0.2290582 -0.2591797 0.1037597 0.110051
-0.07405005 0.2571493 -0.2311949 -0.3003898 0.06709503 0.1042431
-0.07020166 0.2715834 -0.2273259 -0.2726995 0.1238778 0.09805411
-0.02100458 0.2524188 -0.1937949 -0.2010158 0.08778435 0.06206293
0.01011744 0.2897705 -0.1447039 -0.1401462 0.04515689 0.09482893
-0.002808232 0.3350551 -0.1633937 -0.1656116 0.04872837 0.09115151
-0.07526869 0.2949434 -0.2460008 -0.2073086 0.09229369 0.09667584
0.02071068 0.2356953 -0.105048 -0.2703743 0.0428656 0.07623077
-0.001305361 0.2480511 -0.1604503 -0.2996883 0.1081857 0.0991298
-0.03192568 0.1655514 -0.1820636 -0.3467849 0.07928305 0.1356292
-0.03192568 0.1655514 -0.1820636 -0.3467849 0.07928305 0.1356292
-0.03192568 0.1655514 -0.1820636 -0.3467849 0.07928305 0.1356292
-0.03875801 0.1810181 -0.192277 -0.3199 0.0927739 0.1303124
0.002041508 0.167682 -0.1208285 -0.3136065 0.05851524 0.1391282
0.03271407 0.1283389 -0.08197488 -0.3479001 0.02173119 0.1320822
0.01099138 0.2223066 -0.152391 -0.3174757 0.06494134 0.1378687
-0.02016757 0.1242604 -0.09610142 -0.3853339 0.04345252 0.1171121
0.00449473 0.1014935 -0.09151829 -0.3717626 0.04803848 0.1226386
-0.009710235 0.1556196 -0.1739935 -0.3600493 0.1008326 0.09768406
0.005969741 0.1582291 -0.1303707 -0.3866298 0.08400984 0.1064115
0.005969741 0.1582291 -0.1303707 -0.3866298 0.08400984 0.1064115
0.01895783 0.1339594 -0.1248464 -0.3303114 0.08024433 0.1099922
0.02352147 0.1249428 -0.12253 -0.3341626 0.05705753 0.1137711
-0.02715483 0.1286538 -0.1694896 -0.3472672 0.09651532 0.1490209
-0.02715483 0.1286538 -0.1694896 -0.3472672 0.09651532 0.1490209
-0.02715483 0.1286538 -0.1694896 -0.3472672 0.09651532 0.1490209
-0.02240365 0.1483192 -0.1682762 -0.3763986 0.04394003 0.1019759
-0.001853563 0.0873712 -0.08410972 -0.3133203 0.03282841 0.1698292
0.007845268 0.1251718 -0.102038 -0.2701071 0.06268462 0.1562026
0.02798076 0.1036936 -0.08638981 -0.2549058 0.08208378 0.1978899
-0.02373813 0.1219447 -0.1896901 -0.2860968 0.06775395 0.1460571
-0.02373813 0.1219447 -0.1896901 -0.2860968 0.06775395 0.1460571
0.02912844 0.1696467 -0.1493726 -0.3120717 0.0476425 0.1381889
-0.04256222 0.175215 -0.2233464 -0.2788424 0.06909749 0.08470173
0.04580413 0.147972 -0.1126499 -0.2277052 0.09222757 0.1416127
-0.04731718 0.1782462 -0.1818872 -0.3068369 0.05630209 0.1197889
0.05689892 0.1616038 -0.09504783 -0.3257703 -0.02541148 0.1222242
-0.02646296 0.1788774 -0.1609438 -0.2568062 0.04750349 0.1250483
-0.01018368 0.2090591 -0.1428328 -0.2100943 0.01520959 0.08202669
0.0314279 0.2135588 -0.1600062 -0.1397085 0.02835296 0.09024275
-0.02685726 0.1858274 -0.1541941 -0.115095 0.03375017 0.1137679
-0.0249479 0.2421332 -0.1764423 -0.133679 0.05052007 0.0696584
0.01963523 0.2093884 -0.1397282 -0.1088766 0.03091604 0.09975681
0.01963523 0.2093884 -0.1397282 -0.1088766 0.03091604 0.09975681
-0.01049547 0.3430972 -0.1587724 -0.1856947 0.03074762 0.05602791
-0.01498417 0.2382762 -0.2075706 -0.04840166 0.09249012 0.05566286
-0.007427623 0.1939224 -0.2053627 -0.1783874 0.0698986 0.07805932
0.002667621 0.1932842 -0.1833786 -0.2146996 0.06905572 0.08860964
0.01306667 0.2348859 -0.1817046 -0.2411956 0.02878876 0.05190514
0.01642593 0.241389 -0.1659339 -0.245655 0.004542887 0.07124077
0.04992436 0.2871433 -0.120345 -0.1902074 0.0160494 0.07529981
-0.03340423 0.1715284 -0.1497703 -0.2071152 -0.0195981 0.1129861
-0.01391226 0.2609771 -0.1809957 -0.2237704 0.0323709 0.05620571
-0.001944147 0.2622463 -0.2047235 -0.2082063 0.06516903 0.1046082
-0.001944147 0.2622463 -0.2047235 -0.2082063 0.06516903 0.1046082
-0.01658811 0.3041828 -0.186588 -0.2437167 0.04215843 0.06911987
-0.01531784 0.3076017 -0.1804547 -0.249032 0.05344249 0.09823433
-0.01429356 0.3028235 -0.1628525 -0.263079 0.07937405 0.08624011
-0.06003596 0.2609958 -0.2276507 -0.2512403 0.08368155 0.06789579
0.004784315 0.2011076 -0.1230484 -0.2782673 0.04310863 0.1121792
0.02113528 0.1750682 -0.1017053 -0.2460749 0.04865476 0.1148542
0.005544737 0.2107622 -0.1425381 -0.3262037 -0.01892648 0.08662007
0.01725148 0.2201184 -0.1509504 -0.2588819 0.002454557 0.09075734
0.008885481 0.1619064 -0.1299489 -0.2791565 0.05088357 0.1104812
-0.02899693 0.2775718 -0.1832022 -0.3542933 0.03888473 0.08620647
-0.03986177 0.2016636 -0.1761099 -0.3027187 0.009562486 0.08946133
-0.06323992 0.213681 -0.1653477 -0.452413 0.03295992 0.1214198
0.006015884 0.1719771 -0.09105454 -0.4217552 0.08627099 0.1701275
0.02113588 0.1768956 -0.1113894 -0.3101366 0.04696871 0.1072868
-0.0179139 0.3020225 -0.1603382 -0.3137386 0.0390096 0.06221451
-0.05853641 0.2042956 -0.188435 -0.3087504 0.0006436545 0.07769006
-0.04706426 0.2111838 -0.1886547 -0.2514319 0.02980529 0.08108059
-0.03765016 0.3429972 -0.2247103 -0.3162447 0.07544672 0.09998574
-0.024654 0.3212178 -0.1755376 -0.3563866 0.05300456 0.07009713
0.01344146 0.321908 -0.152945 -0.2768215 0.03589384 0.07871266
-0.06311257 0.2964252 -0.1583711 -0.2811886 0.08734216 0.1148086
-0.06311257 0.2964252 -0.1583711 -0.2811886 0.08734216 0.1148086
-0.03092124 0.3172787 -0.1966489 -0.2864455 0.1269063 0.06907849
-0.02602801 0.3194447 -0.19962 -0.3213722 0.1261117 0.08770601
-0.03745293 0.3276487 -0.1735913 -0.3711682 0.06355023 0.07305786
-0.0397469 0.3274958 -0.1664348 -0.3620927 0.07895188 0.0901563
-0.0397469 0.3274958 -0.1664348 -0.3620927 0.07895188 0.0901563
-0.0397469 0.3274958 -0.1664348 -0.3620927 0.07895188 0.0901563
-0.0397469 0.3274958 -0.1664348 -0.3620927 0.07895188 0.0901563
-0.0397469 0.3274958 -0.1664348 -0.3620927 0.07895188 0.0901563
-0.0397469 0.3274958 -0.1664348 -0.3620927 0.07895188 0.0901563
-0.0397469 0.3274958 -0.1664348 -0.3620927 0.07895188 0.0901563
-0.0397469 0.3274958 -0.1664348 -0.3620927 0.07895188 0.0901563
-0.01010466 0.3258089 -0.1446789 -0.3862661 0.05519509 0.1135131
-0.03908502 0.2317063 -0.1644628 -0.3077307 0.0212881 0.1039061
-0.02181421 0.2104759 -0.1119224 -0.2667454 0.05871604 0.1600548
-0.01529166 0.2210784 -0.121261 -0.2762083 0.03567432 0.1218417
-0.002180493 0.2244661 -0.1210511 -0.258494 0.03137304 0.1233531
-0.002180493 0.2244661 -0.1210511 -0.258494 0.03137304 0.1233531
-0.002180493 0.2244661 -0.1210511 -0.258494 0.03137304 0.1233531
-0.001527278 0.2639512 -0.1893012 -0.2471745 0.04575002 0.09884455
-0.05734274 0.2417737 -0.1310667 -0.2639373 0.0651304 0.08933821
-0.05734274 0.2417737 -0.1310667 -0.2639373 0.0651304 0.08933821
-0.05734274 0.2417737 -0.1310667 -0.2639373 0.0651304 0.08933821
-0.01479502 0.2701431 -0.1794271 -0.2586263 0.07060409 0.1013253
0.02948778 0.2892222 -0.1028574 -0.2282483 0.01220866 0.08534925
-0.03497337 0.2451894 -0.1365502 -0.2359948 0.05099062 0.1474899
-0.03332984 0.2785328 -0.1466562 -0.2615091 0.03684749 0.08832862
0.02799978 0.3059589 -0.1402238 -0.2707178 0.01397787 0.08060203
-0.05676572 0.2830079 -0.1676895 -0.3149208 0.04350077 0.09695448
-0.009713631 0.292532 -0.170266 -0.3098579 0.07470688 0.1232333
-0.04165945 0.2240584 -0.1601893 -0.3509086 0.08173856 0.1416858
-0.03099072 0.2312824 -0.1727019 -0.352771 0.09144434 0.1136174
-0.02347867 0.2309069 -0.1366597 -0.3541565 0.06358983 0.1161983
-0.02347867 0.2309069 -0.1366597 -0.3541565 0.06358983 0.1161983
-0.02347867 0.2309069 -0.1366597 -0.3541565 0.06358983 0.1161983
-0.02347867 0.2309069 -0.1366597 -0.3541565 0.06358983 0.1161983
-0.02347867 0.2309069 -0.1366597 -0.3541565 0.06358983 0.1161983
-0.02347867 0.2309069 -0.1366597 -0.3541565 0.06358983 0.1161983
0.03638908 0.1904735 -0.1105251 -0.2735786 0.08600105 0.1403482
-0.06195869 0.2321622 -0.2103857 -0.301291 0.092774 0.1522583
-0.06664348 0.2378397 -0.2117995 -0.3106641 0.07301689 0.1019098
-0.05357522 0.2323563 -0.185625 -0.3071196 0.06943124 0.1529489
-0.0374451 0.2143668 -0.1882118 -0.2908514 0.02050012 0.1035544
0.01948516 0.1473752 -0.0888419 -0.2769529 0.06419326 0.1568256
-0.0004709824 0.1903654 -0.1420659 -0.3299039 0.06865428 0.144016
-0.0004709824 0.1903654 -0.1420659 -0.3299039 0.06865428 0.144016
0.07371556 0.1685295 -0.01486576 -0.1490679 0.09581935 0.02769342
0.0285185 0.1335499 -0.0532714 -0.14814 0.08660487 -0.004716916
0.0232781 0.1073862 -0.03492631 -0.145013 0.08084206 0.01463019
0.1028678 0.1138476 -0.009486925 -0.1218605 0.09921771 0.04962993
0.03068694 0.06246359 -0.01277579 -0.1591776 0.07676809 -0.005077813
0.03068694 0.06246359 -0.01277579 -0.1591776 0.07676809 -0.005077813
0.09148458 0.0773102 -0.01238689 -0.1554219 0.1691032 0.06029432
0.09132151 0.08881176 -0.04533897 -0.1376011 0.110725 0.05303763
0.09713013 0.07449021 -0.04798327 -0.1428369 0.1000712 0.04737997
0.04793835 0.03917533 -0.03296966 -0.1109761 0.09098795 0.04874666
0.1102495 0.02841506 0.01000434 -0.06664013 0.08902603 0.009371615
0.05683526 0.0004396548 -0.08258411 -0.1350454 0.09005078 0.008816628
0.05683526 0.0004396548 -0.08258411 -0.1350454 0.09005078 0.008816628
0.05683526 0.0004396548 -0.08258411 -0.1350454 0.09005078 0.008816628
0.05683526 0.0004396548 -0.08258411 -0.1350454 0.09005078 0.008816628
0.05995411 0.04541505 -0.09015758 -0.1350656 0.1433458 0.03525319
0.08168983 0.1589113 -0.1210027 -0.1146838 0.1369858 0.02642441
0.08168983 0.1589113 -0.1210027 -0.1146838 0.1369858 0.02642441
0.09840248 0.1239009 -0.07207733 -0.04992015 0.1215958 0.03581797
0.08345491 0.1302896 -0.05613657 -0.01533777 0.1228395 0.02513342
0.08345491 0.1302896 -0.05613657 -0.01533777 0.1228395 0.02513342
0.08345491 0.1302896 -0.05613657 -0.01533777 0.1228395 0.02513342
0.08345491 0.1302896 -0.05613657 -0.01533777 0.1228395 0.02513342
0.08345491 0.1302896 -0.05613657 -0.01533777 0.1228395 0.02513342
0.1265907 0.1136094 -0.03133072 -0.04679816 0.07441557 -0.01665795
0.04446488 0.05545123 -0.01060697 -0.0647494 0.05737131 -0.01618868
0.06217704 0.03654139 0.001842986 -0.09181253 0.06732211 -0.003218787
0.08906431 0.04126619 -0.01508837 -0.1007729 0.09627596 0.04381844
0.05215918 0.01338987 -0.04973207 -0.1527308 0.07274346 0.01778275
0.05215918 0.01338987 -0.04973207 -0.1527308 0.07274346 0.01778275
0.05215918 0.01338987 -0.04973207 -0.1527308 0.07274346 0.01778275
0.1128911 0.0533403 -0.03233593 -0.0929831 0.03134318 -0.01389184
0.04899357 -0.02557515 -0.06134977 -0.1013654 0.07107108 0.002423687
0.04899357 -0.02557515 -0.06134977 -0.1013654 0.07107108 0.002423687
0.04899357 -0.02557515 -0.06134977 -0.1013654 0.07107108 0.002423687
0.04899357 -0.02557515 -0.06134977 -0.1013654 0.07107108 0.002423687
0.04899357 -0.02557515 -0.06134977 -0.1013654 0.07107108 0.002423687
0.04899357 -0.02557515 -0.06134977 -0.1013654 0.07107108 0.002423687
0.09043714 0.01562253 0.005766912 -0.1350706 0.06156376 0.05187941
0.08961345 0.05075617 -0.01586019 -0.09774247 0.07651144 0.0473178
0.05415171 0.02209785 -0.01723525 -0.1630487 0.05426019 0.06815899
0.05415171 0.02209785 -0.01723525 -0.1630487 0.05426019 0.06815899
0.05415171 0.02209785 -0.01723525 -0.1630487 0.05426019 0.06815899
0.05415171 0.02209785 -0.01723525 -0.1630487 0.05426019 0.06815899
0.05415171 0.02209785 -0.01723525 -0.1630487 0.05426019 0.06815899
0.05415171 0.02209785 -0.01723525 -0.1630487 0.05426019 0.06815899
0.05415171 0.02209785 -0.01723525 -0.1630487 0.05426019 0.06815899
0.05415171 0.02209785 -0.01723525 -0.1630487 0.05426019 0.06815899
0.05415171 0.02209785 -0.01723525 -0.1630487 0.05426019 0.06815899
0.05415171 0.02209785 -0.01723525 -0.1630487 0.05426019 0.06815899
0.08617987 0.002810023 -0.04184076 -0.08460835 0.0809264 0.05749466
0.08617987 0.002810023 -0.04184076 -0.08460835 0.0809264 0.05749466
0.1245277 0.05604135 -0.05212436 -0.1278163 0.1046856 0.06039776
0.04008411 -0.001225588 -0.08191308 -0.1212062 0.09439043 0.007329983
0.04008411 -0.001225588 -0.08191308 -0.1212062 0.09439043 0.007329983
0.04008411 -0.001225588 -0.08191308 -0.1212062 0.09439043 0.007329983
0.09579807 0.04830528 -0.02436873 -0.1558757 0.03969431 -0.002025433
0.09748562 0.0685167 -0.02097621 -0.1662276 0.04806688 0.02028148
0.04654475 0.03450887 0.01065954 -0.1621284 0.008345704 -0.01351378
0.07092068 0.07933857 -0.048245 -0.1025765 0.06423786 -1.343968E-05
0.08524941 0.04790162 -0.02047253 -0.07435025 0.07349451 0.01663794
0.08524941 0.04790162 -0.02047253 -0.07435025 0.07349451 0.01663794
0.08524941 0.04790162 -0.02047253 -0.07435025 0.07349451 0.01663794
0.1098845 0.04254927 -0.01989304 -0.07484189 0.07379275 0.0140752
0.04995107 -0.005965936 -0.04456161 -0.04038221 0.06081509 0.01354594
0.0766633 -0.004614943 0.003198951 -0.1103065 0.06514476 0.01742123
0.0766633 -0.004614943 0.003198951 -0.1103065 0.06514476 0.01742123
0.08528132 0.07014067 -0.02731127 -0.1462441 0.1007692 0.03440777
0.05382483 0.01453997 -0.03596384 -0.04198493 0.08199477 0.02470171
0.0767997 -0.01173517 -0.02359986 -0.04039284 0.05662315 0.01597784
0.0767997 -0.01173517 -0.02359986 -0.04039284 0.05662315 0.01597784
0.0746868 0.1051902 -0.0218545 -0.03969654 0.07065728 -0.005114095
0.06955528 0.1282411 -0.0489549 -0.0708217 0.07783169 0.006479447
0.05666808 0.2132566 -0.1043169 -0.1051792 0.0854843 -0.03481059
0.06516322 0.2535591 -0.06313606 -0.1650165 0.09485862 -0.04660171
0.003338156 0.1596726 -0.07932929 -0.1695844 0.100114 -0.0209308
0.04017436 0.1209373 -0.05226981 -0.2127351 0.1092964 -0.02449575
0.05606619 0.108251 -0.03205232 -0.1615 0.08541423 -0.03043706
0.05606619 0.108251 -0.03205232 -0.1615 0.08541423 -0.03043706
0.05606619 0.108251 -0.03205232 -0.1615 0.08541423 -0.03043706
0.05606619 0.108251 -0.03205232 -0.1615 0.08541423 -0.03043706
0.06514172 0.1407092 -0.06583155 -0.1661655 0.09452433 -0.04578788
0.03146107 0.05224275 -0.07447381 -0.1170057 0.08428968 -0.0162468
0.03146107 0.05224275 -0.07447381 -0.1170057 0.08428968 -0.0162468
0.07095607 0.06894441 -0.03446773 -0.1446983 0.04871387 -0.008431753
0.1011897 0.1074047 -0.009206975 -0.1389894 0.03947875 -0.02322322
0.09415257 0.08592767 -0.02324427 -0.1366023 0.09351522 0.03236658
0.03254267 0.06743248 -0.06485038 -0.09407184 0.1109526 0.04679525
0.08760551 0.0594757 -0.01644649 -0.08563252 0.09383152 0.04259238
0.08760551 0.0594757 -0.01644649 -0.08563252 0.09383152 0.04259238
0.08760551 0.0594757 -0.01644649 -0.08563252 0.09383152 0.04259238
0.08760551 0.0594757 -0.01644649 -0.08563252 0.09383152 0.04259238
0.08760551 0.0594757 -0.01644649 -0.08563252 0.09383152 0.04259238
0.08760551 0.0594757 -0.01644649 -0.08563252 0.09383152 0.04259238
0.08760551 0.0594757 -0.01644649 -0.08563252 0.09383152 0.04259238
0.08760551 0.0594757 -0.01644649 -0.08563252 0.09383152 0.04259238
0.1044456 0.02744297 -0.01340493 -0.07073087 0.07333422 0.007974783
0.0895234 0.07919244 -0.04786883 -0.1092122 0.09562422 -0.02089626
0.0173495 0.08107625 -0.09372111 -0.1275564 0.08897565 -0.01570692
0.0173495 0.08107625 -0.09372111 -0.1275564 0.08897565 -0.01570692
0.0173495 0.08107625 -0.09372111 -0.1275564 0.08897565 -0.01570692
0.0173495 0.08107625 -0.09372111 -0.1275564 0.08897565 -0.01570692
0.09782228 0.01991785 -0.004702332 -0.0510834 0.03935475 -0.001114111
0.1000734 0.0259999 -0.01433085 -0.06685203 0.06136532 -0.004270122
0.1000734 0.0259999 -0.01433085 -0.06685203 0.06136532 -0.004270122
0.1000734 0.0259999 -0.01433085 -0.06685203 0.06136532 -0.004270122
0.1000734 0.0259999 -0.01433085 -0.06685203 0.06136532 -0.004270122
0.09715232 0.149299 -0.08614969 0.004335518 0.111589 0.001823424
0.01947439 0.1197523 -0.1289911 -0.04061355 0.1200577 -0.005458345
0.05033745 0.147595 -0.09216283 -0.04594354 0.1093483 0.00515542
0.07350378 0.1082399 -0.05321043 -0.003637052 0.07876737 0.00814427
0.07350378 0.1082399 -0.05321043 -0.003637052 0.07876737 0.00814427
0.1019742 0.1403368 -0.08533634 -0.04898653 0.09438462 0.009663258
0.02408852 0.08868895 -0.0895112 -0.0904805 0.08714135 -0.0011325
0.0433882 0.07100592 -0.04241097 -0.1753989 0.0728276 -0.01310516
0.0433882 0.07100592 -0.04241097 -0.1753989 0.0728276 -0.01310516
0.1057922 0.08822005 -0.04423955 -0.1450378 0.04912859 -0.04439962
0.02444987 0.06503176 -0.05640808 -0.1156814 0.07826915 -0.01254463
0.02444987 0.06503176 -0.05640808 -