0.1506399 -0.2455216 0.1850571 -0.01134141 0.1610465 -0.05294672
0.2215485 -0.2754223 0.2066453 -0.03134353 0.1834926 -0.07371844
0.1664392 -0.259628 0.2008234 -0.03503342 0.1830128 -0.06724907
0.2001538 -0.2571037 0.1881023 -0.02893632 0.1774954 -0.06625235
0.154119 -0.276995 0.1411464 0.04199344 0.1926545 -0.03281143
0.1611481 -0.2637525 0.1265882 0.04742236 0.1575284 -0.0542088
0.2069965 -0.2336804 0.1983109 0.008748546 0.1312098 -0.04309949
0.2319788 -0.2375344 0.1749905 0.08182357 0.1454282 -0.02609765
0.1737274 -0.2405612 0.1409364 0.02507031 0.119559 -0.0527913
0.2395299 -0.2632819 0.1921686 0.006256142 0.1823347 -0.001563373
0.1514155 -0.2511277 0.1344444 0.02830669 0.1669215 -0.0370701
0.1809881 -0.2489739 0.1235535 0.05523853 0.15392 -0.05141789
0.2085252 -0.2435003 0.1682688 0.02831396 0.135952 -0.06012194
0.147982 -0.1967531 0.1594131 0.0237335 0.1611173 -0.04331568
0.23016 -0.2564051 0.2148949 0.01647185 0.1535699 0.0139888
0.1670773 -0.2618587 0.1404763 0.04039879 0.1405778 -0.03101392
0.1988671 -0.2148606 0.1701967 0.03385816 0.1740831 -0.02879601
0.2297698 -0.2311382 0.2240026 0.007834243 0.1471776 0.01558991
0.1430282 -0.2720285 0.1554405 0.0169979 0.1116795 -0.05336539
0.2288709 -0.2320554 0.1767901 -0.008088574 0.1243798 -0.04855092
0.2576905 -0.193788 0.2271649 0.1103521 0.1216959 -0.04638204
0.16779 -0.235331 0.1561488 0.1154655 0.1823307 -0.01753956
0.2406099 -0.2089004 0.2153345 0.1512284 0.1570839 -0.04694016
0.1754145 -0.2693942 0.1882876 0.0355512 0.1727044 -0.01109852
0.208139 -0.2722312 0.192157 -0.0299038 0.1374824 -0.04094505
0.229057 -0.2697876 0.2135978 -0.01498544 0.2072782 -0.01116001
0.2244067 -0.27615 0.2009811 -0.02041673 0.2111302 -0.03326954
0.166072 -0.2696323 0.1801914 0.006415305 0.1555799 -0.04304898
0.2417517 -0.2429702 0.1510678 0.06643964 0.1108691 -0.05301431
0.1895603 -0.2917114 0.1980828 0.07552184 0.1158194 -0.01625864
0.2560862 -0.3226631 0.2220494 0.04459058 0.122447 -0.01820818
0.1766403 -0.3367999 0.1601247 -0.01029291 0.1329503 -0.03228989
0.2357769 -0.3126599 0.175978 0.06547321 0.1063134 -0.03524878
0.2357769 -0.3126599 0.175978 0.06547321 0.1063134 -0.03524878
0.2357769 -0.3126599 0.175978 0.06547321 0.1063134 -0.03524878
0.2357769 -0.3126599 0.175978 0.06547321 0.1063134 -0.03524878
0.2474923 -0.2976066 0.2010232 0.07642246 0.1722446 0.01085538
0.1828381 -0.3355362 0.1691486 0.01910727 0.1958033 0.01647062
0.2362433 -0.3026623 0.2037542 0.01448869 0.1441838 -0.05997352
0.1845303 -0.3173859 0.1710641 0.0330507 0.1702268 -0.007730699
0.1845303 -0.3173859 0.1710641 0.0330507 0.1702268 -0.007730699
0.1845303 -0.3173859 0.1710641 0.0330507 0.1702268 -0.007730699
0.1845303 -0.3173859 0.1710641 0.0330507 0.1702268 -0.007730699
0.2463638 -0.2895413 0.1571841 0.008615071 0.1835871 -0.003181839
0.1639658 -0.3206098 0.1377681 -0.003736028 0.1829907 -0.01242487
0.2333513 -0.2895568 0.1869423 -0.006764299 0.2304963 -0.006716328
0.1664842 -0.3193319 0.1864958 -0.07577092 0.1948028 -0.02165634
0.2156339 -0.3038546 0.1501426 0.0120505 0.2692232 0.0168105
0.2151049 -0.290122 0.1730885 0.05649283 0.1733504 -0.04102367
0.1624837 -0.2723242 0.07565911 0.08173925 0.2317216 -0.04082566
0.1960754 -0.2662109 0.1202956 0.1078023 0.2441741 -0.02780511
0.2227388 -0.2657725 0.1758061 0.09730785 0.140124 -0.01543439
0.1990548 -0.2821096 0.1434281 0.18381 0.190717 -0.02091361
0.1990548 -0.2821096 0.1434281 0.18381 0.190717 -0.02091361
0.1990548 -0.2821096 0.1434281 0.18381 0.190717 -0.02091361
0.1990548 -0.2821096 0.1434281 0.18381 0.190717 -0.02091361
0.1990548 -0.2821096 0.1434281 0.18381 0.190717 -0.02091361
0.1990548 -0.2821096 0.1434281 0.18381 0.190717 -0.02091361
0.2256125 -0.2958648 0.174889 0.1534017 0.2030202 -0.01271906
0.2447796 -0.2621413 0.1959037 0.1569368 0.1651008 -0.002716945
0.1735416 -0.2919799 0.1265905 0.1316249 0.1838811 -0.01860954
0.1735416 -0.2919799 0.1265905 0.1316249 0.1838811 -0.01860954
0.1735416 -0.2919799 0.1265905 0.1316249 0.1838811 -0.01860954
0.2283808 -0.2782404 0.206074 0.07555796 0.1852825 -0.00650925
0.2403637 -0.2370468 0.1849671 0.1557661 0.1562447 -0.01634515
0.1779724 -0.2892032 0.1509293 0.1569078 0.1722233 -0.02307961
0.2592044 -0.2765699 0.1709835 0.1205597 0.2025367 -0.02098352
0.1771375 -0.3051912 0.1199247 0.1455541 0.2157466 -0.01283821
0.2465861 -0.2698495 0.192908 0.09439674 0.1896383 -0.03477242
0.18468 -0.3035164 0.1783172 0.09352733 0.1977237 -0.02224728
0.2058894 -0.2883665 0.1928952 0.04451758 0.1705954 -0.01661001
0.2500747 -0.2807285 0.2443857 0.05535392 0.1620096 0.0123294
0.1867802 -0.3066967 0.1908308 0.1075294 0.1772239 -0.008596295
0.2222415 -0.2428148 0.1651302 0.0884806 0.1640653 -0.04417101
0.2329032 -0.2214139 0.1612185 0.06876314 0.1597093 -0.04176738
0.181972 -0.272548 0.09344777 0.1383839 0.1378728 -0.06469685
0.2160008 -0.2674463 0.10417 0.07533702 0.1966083 -0.04069377
0.18135 -0.2956586 0.1352166 0.05217862 0.1811416 -0.0186372
0.2639437 -0.3213943 0.2123074 0.1217873 0.1609959 -0.0455942
0.1844795 -0.3165471 0.1262622 0.1092157 0.1779236 -0.02077028
0.2418998 -0.3089528 0.1505575 0.1054749 0.192394 0.01100833
0.1906133 -0.3427502 0.1516837 0.07865248 0.172341 -0.04020344
0.2288062 -0.2871653 0.1551917 0.1214175 0.1934107 -0.02408228
0.2288062 -0.2871653 0.1551917 0.1214175 0.1934107 -0.02408228
0.2288062 -0.2871653 0.1551917 0.1214175 0.1934107 -0.02408228
0.2288062 -0.2871653 0.1551917 0.1214175 0.1934107 -0.02408228
0.2288062 -0.2871653 0.1551917 0.1214175 0.1934107 -0.02408228
0.2412882 -0.2412332 0.1361747 0.1370314 0.1879946 -0.01927831
0.2374848 -0.2290949 0.1454469 0.139786 0.1704083 -0.01117715
0.1917282 -0.2976509 0.1541838 0.1387455 0.1297784 -0.05304116
0.1917282 -0.2976509 0.1541838 0.1387455 0.1297784 -0.05304116
0.2050056 -0.2504906 0.1922428 0.06942283 0.1852009 -0.02544473
0.2223635 -0.2595453 0.1976603 0.102274 0.1439779 -0.0419415
0.1778381 -0.2911902 0.1755396 0.1118258 0.1895227 -0.02508482
0.2374428 -0.2907429 0.1878809 0.1214253 0.1803063 -0.02744234
0.1679372 -0.3055172 0.171722 0.1030986 0.1705281 -0.02829326
0.1679372 -0.3055172 0.171722 0.1030986 0.1705281 -0.02829326
0.1679372 -0.3055172 0.171722 0.1030986 0.1705281 -0.02829326
0.2078206 -0.2546735 0.1654778 0.08267422 0.1946534 -0.03000125
0.2421233 -0.2782121 0.2036657 0.0942936 0.1675514 0.0106347
0.1495845 -0.3098811 0.09934595 0.06528869 0.1799423 -0.009212446
0.2487846 -0.3060792 0.1977373 0.09544634 0.1805361 -0.007303173
0.175858 -0.3107142 0.134298 0.1153287 0.1343673 -0.03077524
0.175858 -0.3107142 0.134298 0.1153287 0.1343673 -0.03077524
0.2195824 -0.3060105 0.1718698 0.1272494 0.2095671 0.02284403
0.2395535 -0.2867157 0.1788631 0.02359036 0.1867388 -0.005532906
0.1586447 -0.2885247 0.127212 0.106076 0.1541361 -0.02584345
0.1879369 -0.2584903 0.1699838 0.08921862 0.1972435 -0.02960206
0.2653839 -0.2603618 0.1809722 0.1146117 0.1315757 -0.0354807
0.1698273 -0.3056726 0.1169816 0.1275961 0.1581865 -0.03654924
0.2252372 -0.275672 0.08213635 0.2358504 0.1630114 -0.04030969
0.2550838 -0.249125 0.179331 0.1247426 0.1432564 -0.02880144
0.1561484 -0.2842601 0.1175652 0.09506163 0.1805394 -0.0431326
0.1561484 -0.2842601 0.1175652 0.09506163 0.1805394 -0.0431326
0.1561484 -0.2842601 0.1175652 0.09506163 0.1805394 -0.0431326
0.1561484 -0.2842601 0.1175652 0.09506163 0.1805394 -0.0431326
0.2478465 -0.2686927 0.2096419 0.09109797 0.1130533 -0.03512887
0.1658537 -0.2878372 0.1468995 0.04758155 0.1429287 -0.05730712
0.2173042 -0.2787347 0.1490913 0.1169087 0.1454789 -0.03895516
0.2374871 -0.2410949 0.1701494 0.1207175 0.165223 -0.04697216
0.1817316 -0.3031586 0.1537002 0.06392556 0.08967736 -0.09969889
0.1817316 -0.3031586 0.1537002 0.06392556 0.08967736 -0.09969889
0.1817316 -0.3031586 0.1537002 0.06392556 0.08967736 -0.09969889
0.1817316 -0.3031586 0.1537002 0.06392556 0.08967736 -0.09969889
0.1817316 -0.3031586 0.1537002 0.06392556 0.08967736 -0.09969889
0.2580298 -0.2765296 0.2099234 0.1008299 0.08468063 -0.1191526
0.1570329 -0.275406 0.1297287 0.1849405 0.1653239 -0.07882001
0.1570329 -0.275406 0.1297287 0.1849405 0.1653239 -0.07882001
0.1570329 -0.275406 0.1297287 0.1849405 0.1653239 -0.07882001
0.1932275 -0.2288729 0.1165882 0.1663079 0.1402674 -0.09538989
0.2091987 -0.2167049 0.1519184 0.1678266 0.1104369 -0.09274969
0.1615471 -0.3261557 0.1713087 0.120517 0.102237 -0.05820316
0.2290152 -0.3198248 0.2144881 0.1073371 0.1091371 -0.04990441
0.1591199 -0.3366394 0.1901377 0.05936217 0.1593509 -0.04817956
0.1934429 -0.3353802 0.1956145 0.09393595 0.1145107 -0.0759159
0.2063378 -0.3229045 0.1428029 0.125317 0.09581432 -0.06794409
0.2703636 -0.2866253 0.1934193 0.09703274 0.08682173 -0.06072701
0.1886576 -0.3093062 0.1647674 0.1221045 0.1486288 -0.0243459
0.2322147 -0.2954703 0.191017 0.1208257 0.1529751 -0.02891488
0.2322147 -0.2954703 0.191017 0.1208257 0.1529751 -0.02891488
0.2322147 -0.2954703 0.191017 0.1208257 0.1529751 -0.02891488
0.2665145 -0.2719791 0.1752279 0.1094058 0.1517827 -0.01713558
0.186128 -0.2870006 0.1657327 0.07817696 0.1497617 -0.05284963
0.186128 -0.2870006 0.1657327 0.07817696 0.1497617 -0.05284963
0.186128 -0.2870006 0.1657327 0.07817696 0.1497617 -0.05284963
0.2554233 -0.2796243 0.212376 0.07049213 0.1500431 -0.05290179
0.1878866 -0.3430914 0.2241784 0.09180935 0.08139262 -0.05477397
0.2330229 -0.3344415 0.1877409 0.1141739 0.08266826 -0.03248403
0.2226117 -0.3133411 0.206668 0.1123596 0.0824833 -0.06371702
0.2226117 -0.3133411 0.206668 0.1123596 0.0824833 -0.06371702
0.2328784 -0.3045751 0.1870565 0.07711308 0.06243239 -0.03280443
0.1889642 -0.3566907 0.1758307 0.08160687 0.02367362 -0.01731828
0.2695909 -0.3610751 0.2354723 0.04828019 0.08240765 -0.04865075
0.1648495 -0.3421527 0.1774859 0.1309837 0.04008138 -0.08916216
0.2361042 -0.2993965 0.1805704 0.09013385 0.1244606 -0.04347774
0.1667546 -0.3074182 0.1404674 0.1497789 0.09072252 -0.03888797
0.2282305 -0.3135985 0.1793589 0.1654556 0.05431955 -0.0860846
0.2270254 -0.3116062 0.1654276 0.1688426 0.09270817 -0.04090745
0.2270254 -0.3116062 0.1654276 0.1688426 0.09270817 -0.04090745
0.2260643 -0.2631153 0.1509196 0.08964603 0.1126014 -0.01874301
0.157036 -0.2639547 0.1078125 0.1714094 0.1615856 -0.03932514
0.2105721 -0.2199005 0.1433048 0.1772762 0.13255 -0.04206876
0.2124731 -0.2167549 0.1292238 0.192461 0.1233298 -0.05203761
0.2066767 -0.1910713 0.1109912 0.1399737 0.1655247 -0.04286609
0.1976733 -0.173816 0.1151193 0.1510778 0.1257276 -0.1006607
0.2257672 -0.1594579 0.1324473 0.1096187 0.1311571 -0.08184466
0.1466629 -0.2138881 0.09201375 0.05558812 0.1313448 -0.1064755
0.1957713 -0.2216903 0.07746445 0.1218282 0.14542 -0.08280595
0.2141947 -0.2298937 0.0891137 0.1869018 0.1322604 -0.08987765
0.2250093 -0.1842915 0.1138311 0.193584 0.08495936 -0.1247422
0.2115795 -0.1858628 0.1030372 0.2426543 0.08283613 -0.1111291
0.238053 -0.1479677 0.06266025 0.2863847 0.1117209 -0.1130949
0.1446583 -0.1790542 0.03014392 0.2457997 0.1255997 -0.1288622
0.1803777 -0.1638066 0.1032309 0.2042442 0.1481445 -0.10173
0.1912864 -0.1213784 0.09715258 0.1673834 0.08699193 -0.1162318
0.2168776 -0.1385404 0.1217544 0.1494057 0.1213267 -0.07855228
0.1496895 -0.2134253 0.08335717 0.1968092 0.1115457 -0.1027413
0.2048147 -0.1653757 0.0813432 0.1512482 0.1419905 -0.09653204
0.2453258 -0.1386893 0.1286355 0.1836206 0.1712721 -0.06391141
0.12042 -0.1781514 0.1114885 0.08446858 0.1340487 -0.1060448
0.1827314 -0.1799295 0.09399018 0.01599763 0.1294487 -0.0836265
0.1762154 -0.1844883 0.1061915 -0.002471775 0.1394852 -0.06035129
0.2173833 -0.2409422 0.2498992 0.02767252 0.1117382 -0.05105841
0.1531357 -0.2741968 0.1592936 0.09441019 0.08391625 -0.1166956
0.2388973 -0.2427879 0.23811 0.1320308 0.04609433 -0.112338
0.1561044 -0.2405895 0.1034557 0.1448587 0.116865 -0.06070197
0.1997255 -0.2220404 0.1260723 0.1031961 0.1120612 -0.05654974
0.2393164 -0.1851953 0.1468476 0.1570544 0.09191252 -0.07388424
0.1671937 -0.2296714 0.1593165 0.1643758 0.1038172 -0.05099091
0.2121446 -0.2292629 0.1456954 0.08293942 0.1280685 -0.05714061
0.1735149 -0.2601987 0.1623178 0.04431955 0.113056 -0.04942366
0.1735149 -0.2601987 0.1623178 0.04431955 0.113056 -0.04942366
0.1735149 -0.2601987 0.1623178 0.04431955 0.113056 -0.04942366
0.1735149 -0.2601987 0.1623178 0.04431955 0.113056 -0.04942366
0.2610573 -0.2457545 0.2234387 0.1058157 0.0880039 -0.08182238
0.1692542 -0.228944 0.1158978 0.1211679 0.06123002 -0.1031635
0.2388828 -0.2336315 0.1652061 0.1751578 0.07721276 -0.08197378
0.2436241 -0.2307711 0.1813569 0.2072992 0.1180399 -0.04003058
0.1705667 -0.2524194 0.09659165 0.16213 0.1629722 -0.05351026
0.2339889 -0.2198861 0.1727481 0.08869588 0.1664718 -0.05362447
0.1894054 -0.2942913 0.1609558 0.1194357 0.1610385 -0.03839867
0.2639292 -0.2913157 0.1924734 0.2487095 0.1477245 -0.0106996
0.1964377 -0.3726368 0.1724704 0.1430398 0.1078028 -0.007860929
0.2521862 -0.290227 0.2068305 0.03329483 0.1297439 -0.07980005
0.1512039 -0.2500107 0.1343774 -0.03082155 0.06560165 -0.08502236
0.2231184 -0.235057 0.2025524 -0.0571775 0.1016083 -0.06811737
0.158035 -0.2501084 0.1624415 -0.008480167 0.06085785 -0.09843776
0.2191627 -0.179021 0.1962465 -0.02794535 0.06841321 -0.1002147
0.1537117 -0.249701 0.09451481 -0.01447658 0.1174508 -0.09697313
0.2040536 -0.2511836 0.1889725 0.01705974 0.08612069 -0.04119997
0.1566382 -0.2578556 0.140484 -0.06120867 0.05594484 -0.04676854
0.1955354 -0.2528692 0.1839447 -0.09623317 0.1108022 -0.05682161
0.1479408 -0.2783943 0.1596208 -0.1660078 0.09927927 -0.07049436
0.2088035 -0.2403951 0.1854203 -0.1399483 0.07021931 -0.09604526
0.157025 -0.2329455 0.1490441 -0.110257 0.1463953 -0.06053354
0.2442777 -0.2217013 0.1574033 0.06753079 0.1043366 -0.08788534
0.1831357 -0.2746986 0.1197029 0.09927204 0.08786174 -0.06710334
0.2575043 -0.2235936 0.1746234 0.1522135 0.0891503 -0.07761471
0.1582883 -0.2590554 0.1286591 0.1519273 0.07510094 -0.09349187
0.1964358 -0.2352979 0.1565103 0.1378271 0.08611847 -0.0825664
0.2337944 -0.2112014 0.232268 0.09334071 0.06887689 -0.07358002
0.15503 -0.2161763 0.148836 0.09385715 0.0892638 -0.08594251
0.2491246 -0.1878335 0.2581527 0.06121191 0.07216737 -0.09665142
0.200784 -0.3312974 0.2167348 0.1009068 0.02796791 -0.05118496
0.2555919 -0.2279875 0.2019596 0.03203763 0.06380879 -0.1159156
0.1433764 -0.2268568 0.08198842 0.1031873 0.1090454 -0.1058387
0.2658485 -0.2500967 0.1905274 0.08018667 0.1602318 -0.05135749
0.1718956 -0.3193137 0.1883958 0.1131463 0.1501307 -0.07069399
0.2258466 -0.2012105 0.1710347 0.1064064 0.0931426 -0.1114925
0.1664793 -0.143676 0.09181724 0.08867969 -0.2084322 -0.3096257
0.2231266 -0.08447561 0.1617671 0.04885119 -0.262125 -0.2692049
0.1385084 -0.07578947 0.1098046 0.1209658 -0.2107894 -0.1479596
0.2372625 -0.04361745 0.07239443 0.07879805 -0.2603747 -0.1587169
0.2448297 -0.03394735 0.0446853 0.1710777 -0.247534 -0.1842266
0.2438268 0.01645133 0.1113905 0.1749329 -0.3970426 -0.2472311
0.1587701 0.1239017 0.02166424 0.05130437 -0.51919 -0.1603494
0.0704971 0.248486 -0.08984768 0.1934883 -0.4623554 -0.04281152
0.1520353 0.2907681 -0.05369387 0.131734 -0.4740774 -0.04492434
0.05420788 0.190394 -0.1190452 0.05173946 -0.4941671 -0.006716249
0.1291132 0.2344778 -0.0627875 0.01195411 -0.491009 0.01750574
0.06161095 0.2123129 -0.1147438 0.1174659 -0.4652032 -0.02251018
0.1166224 0.1934156 -0.0524234 0.03319014 -0.5029236 -0.02155119
0.1163162 0.1923207 -0.07404668 0.05542021 -0.486924 0.01194944
0.1163162 0.1923207 -0.07404668 0.05542021 -0.486924 0.01194944
0.1460871 0.1666949 -0.03702923 0.1069957 -0.4064432 0.02801598
0.1606982 0.1877938 -0.0823081 0.128398 -0.5141492 -0.01297851
0.1410437 0.1859925 -0.04458752 0.1227947 -0.4324682 -0.05745505
0.139743 0.2285933 -0.0191445 0.1997106 -0.3973502 -0.07618592
0.06843619 0.2043301 -0.06728368 0.08347782 -0.3293909 -0.05493007
0.1334782 0.1610846 0.02025579 0.02997187 -0.3086432 -0.06390084
0.07806307 0.08942524 -0.05301636 0.09706426 -0.3033934 -0.1280506
0.1598387 0.0993591 0.04129016 0.08723789 -0.2843373 -0.09259521
0.107614 0.07030766 -0.04082622 0.08181923 -0.2830552 -0.09713023
0.1356903 0.04463013 -8.488586E-05 0.07690451 -0.2740114 -0.09490874
0.09056117 -0.02059805 0.015126 0.01281743 -0.2226488 -0.07952221
0.1383807 0.003261315 0.03607797 -0.005103315 -0.2229401 -0.09963647
0.1725114 0.0511428 0.02507607 0.1504202 -0.2127571 -0.09856432
0.2220103 0.04336914 0.0179376 0.1781974 -0.2198669 -0.09904151
0.1143134 0.03576899 -0.07226473 0.3040599 -0.1840582 -0.1108536
0.1673562 0.03544804 -0.02315018 0.2899841 -0.1789681 -0.1114205
0.1694418 0.1262791 -0.04363879 0.2500969 -0.2753347 -0.09346873
0.1687737 0.1171015 -0.05725496 0.3140213 -0.2312057 -0.06839647
0.1920997 0.1654831 -0.06753567 0.2543712 -0.2223149 -0.149038
0.1874686 0.1517114 -0.05297403 0.2336509 -0.1950166 -0.1106415
0.05734528 0.1728316 -0.1098257 0.1303272 -0.1613001 -0.1339663
0.09244068 0.2194833 -0.0884959 0.1347122 -0.137254 -0.1247163
0.1415677 0.1891433 -0.04548725 0.1991421 -0.1273226 -0.1378398
0.1517628 0.1613064 0.02362599 0.1126111 -0.1233808 -0.1456977
0.07325219 0.163747 -0.06097098 0.1781001 -0.1083162 -0.1603218
0.1711714 0.08526224 0.06419449 0.2086825 -0.129164 -0.1314331
0.1256867 0.02207102 -0.008565789 0.2162325 -0.1184832 -0.0968556
0.1256867 0.02207102 -0.008565789 0.2162325 -0.1184832 -0.0968556
0.2160082 0.001621759 0.08258438 0.1604662 -0.1039917 -0.07979704
0.1184872 0.01066345 0.01186271 0.1175309 -0.06699686 -0.1301272
0.1445355 0.02269498 -0.002766909 0.0351714 -0.08690859 -0.1360994
0.2174704 0.05797806 0.01773378 0.1751053 -0.07589473 -0.1035357
0.1301268 -0.001896245 -0.01896406 0.238153 -0.07003295 -0.09577502
0.1210845 0.02433235 0.01216747 0.2553857 -0.07841935 -0.1174124
0.1794389 0.05432891 0.0417714 0.1740894 -0.087965 -0.1392801
0.09739149 0.03087716 -0.00995134 0.2153257 -0.07098376 -0.1252744
0.1626539 0.02128991 0.02693288 0.2251808 -0.03536355 -0.1104844
0.1626539 0.02128991 0.02693288 0.2251808 -0.03536355 -0.1104844
0.1626539 0.02128991 0.02693288 0.2251808 -0.03536355 -0.1104844
0.1201829 0.1025561 0.01030764 0.1119808 -0.1762893 -0.1968243
0.1327639 0.1166159 0.05603715 0.1238074 -0.2058396 -0.1644887
0.1245141 0.2548762 -0.04330048 0.08623526 -0.4692826 -0.1055824