0.1414211 -0.1172989 0.09278949 -0.002519036 0.1588484 -0.006583411
0.1414211 -0.1172989 0.09278949 -0.002519036 0.1588484 -0.006583411
0.1414211 -0.1172989 0.09278949 -0.002519036 0.1588484 -0.006583411
0.1414211 -0.1172989 0.09278949 -0.002519036 0.1588484 -0.006583411
0.1392524 -0.1048329 0.08313829 -0.01855961 0.1427282 -0.03400807
0.1484736 -0.09461917 0.04382573 -0.03382387 0.1431688 -0.01513938
0.1762724 -0.086585 0.09454335 -0.0455179 0.1518156 -0.03501941
0.09344102 -0.09459223 0.06022539 -0.09282886 0.15488 -0.0004312292
0.1506377 -0.09381231 0.06224101 -0.04506109 0.1860504 -0.007850972
0.1696897 -0.1329179 0.1009061 -0.0349213 0.09129697 -0.05218017
0.1245107 -0.1556343 0.06878216 0.0069638 0.1066978 -0.02900662
0.1245107 -0.1556343 0.06878216 0.0069638 0.1066978 -0.02900662
0.1730545 -0.1600896 0.1240401 -0.03469144 0.06832764 -0.03033815
0.1680134 -0.0659025 0.04976413 -0.1207052 0.1282941 -0.03704923
0.07400936 -0.0608389 0.03367735 -0.07679338 0.1273453 -0.07384796
0.1221424 0.003640605 0.01557574 -0.1091465 0.156845 -0.06602571
0.1257233 0.002844057 0.007096137 -0.1018058 0.1693947 -0.05373015
0.08995788 -0.05777736 0.06487465 -0.07979205 0.1737583 -0.03508592
0.1298863 -0.07369249 0.04589045 -0.07676332 0.1609021 -0.03791273
0.1706345 -0.08211978 0.07720552 -0.1058842 0.1626279 -0.04156809
0.1166018 -0.1115518 0.05214147 -0.09738144 0.1471014 -0.06237694
0.1597573 -0.05036488 0.04134745 -0.04310352 0.1312534 -0.06425029
0.1078693 -0.136649 0.06485875 -0.05098004 0.1036885 -0.05235003
0.1358739 -0.1181947 0.06162563 0.05761691 0.1606452 -0.09397722
0.1358739 -0.1181947 0.06162563 0.05761691 0.1606452 -0.09397722
0.1358739 -0.1181947 0.06162563 0.05761691 0.1606452 -0.09397722
0.1358739 -0.1181947 0.06162563 0.05761691 0.1606452 -0.09397722
0.1358739 -0.1181947 0.06162563 0.05761691 0.1606452 -0.09397722
0.1358739 -0.1181947 0.06162563 0.05761691 0.1606452 -0.09397722
0.1793741 -0.1206879 0.1125912 0.05850776 0.1601766 -0.05769216
0.183028 -0.1249292 0.1158992 0.05416547 0.1556858 -0.06579863
0.1219835 -0.131732 0.0958226 -0.0004359903 0.1573838 -0.05139056
0.1893388 -0.1569648 0.1417167 -0.02784801 0.163821 -0.04187978
0.1413397 -0.1690982 0.08732428 -0.01048477 0.1555149 -0.07008911
0.1930925 -0.1760796 0.100715 0.03880865 0.1287888 -0.07080149
0.1352044 -0.1507855 0.07153351 0.01116207 0.1744232 -0.09368158
0.2197225 -0.2010512 0.1393069 -0.03144475 0.1422144 -0.08118673
0.2333969 -0.1820553 0.2067189 -0.02335017 0.1462938 -0.03983149
0.1505703 -0.2787943 0.1469051 -0.05035862 0.144027 -0.03848739
0.2351091 -0.3060594 0.2083175 0.06059392 0.1336968 -0.01281516
0.222292 -0.2832421 0.1465646 0.01554511 0.122801 -0.0573723
0.2158132 -0.1807417 0.1371371 -0.01529581 0.1411338 -0.07423344
0.1404245 -0.1452965 0.1073159 0.006667019 0.1796242 -0.05384897
0.1282386 -0.1173942 0.09264646 0.008613726 0.1541862 -0.1193858
0.1282386 -0.1173942 0.09264646 0.008613726 0.1541862 -0.1193858
0.191732 -0.07325484 0.09113205 -0.01401855 0.1663177 -0.06362683
0.1443428 -0.1075012 0.06433854 0.04129292 0.1964538 -0.08127882
0.1824803 -0.1045095 0.128816 0.001986706 0.2020978 -0.07418585
0.1954933 -0.148016 0.1328074 0.009675399 0.1670708 -0.02874394
0.1435227 -0.1920905 0.1111409 -0.01329393 0.1506921 -0.03790423
0.197889 -0.1781842 0.1420374 -0.02261057 0.173174 -0.01610725
0.1972036 -0.14666 0.1224811 0.02766356 0.1972734 -0.02400555
0.1468861 -0.1856766 0.09492475 -0.02402729 0.1877708 -0.04915951
0.1931887 -0.1650921 0.1391789 0.06167753 0.1773172 -0.01638918
0.1931887 -0.1650921 0.1391789 0.06167753 0.1773172 -0.01638918
0.1931887 -0.1650921 0.1391789 0.06167753 0.1773172 -0.01638918
0.1984475 -0.1463935 0.1178778 0.07939123 0.1681255 -0.003379798
0.1984475 -0.1463935 0.1178778 0.07939123 0.1681255 -0.003379798
0.1984475 -0.1463935 0.1178778 0.07939123 0.1681255 -0.003379798
0.1984475 -0.1463935 0.1178778 0.07939123 0.1681255 -0.003379798
0.2024469 -0.1474791 0.1181105 0.07521213 0.1729228 -0.04025303
0.215591 -0.1582414 0.1146447 0.1160875 0.1691052 -0.05238627
0.1490302 -0.1920567 0.0897461 0.1002033 0.1971074 -0.03108394
0.1490302 -0.1920567 0.0897461 0.1002033 0.1971074 -0.03108394
0.1490302 -0.1920567 0.0897461 0.1002033 0.1971074 -0.03108394
0.1490302 -0.1920567 0.0897461 0.1002033 0.1971074 -0.03108394
0.208965 -0.1948113 0.08293131 0.08295089 0.2168758 -0.05733719
0.2163791 -0.1744584 0.1410637 0.1187267 0.1736511 -0.03266746
0.1744034 -0.2431745 0.08316237 0.1561633 0.1872063 -0.02647498
0.1744034 -0.2431745 0.08316237 0.1561633 0.1872063 -0.02647498
0.1744034 -0.2431745 0.08316237 0.1561633 0.1872063 -0.02647498
0.2012652 -0.2172248 0.07682235 0.1287082 0.1608603 -0.06342307
0.2030832 -0.1881878 0.1023906 0.1352687 0.1920306 -0.06255184
0.2377545 -0.1788289 0.09648862 0.16482 0.1819231 -0.002951121
0.1801786 -0.2373266 0.1184008 0.145356 0.1951267 -0.01883365
0.1725609 -0.2441501 0.1260477 0.1456038 0.1901138 -0.03144053
0.1701193 -0.2273502 0.08909681 0.1254683 0.1646162 -0.08644006
0.1689099 -0.207453 0.09095561 0.1181858 0.1770135 -0.0732312
0.1689099 -0.207453 0.09095561 0.1181858 0.1770135 -0.0732312
0.1689099 -0.207453 0.09095561 0.1181858 0.1770135 -0.0732312
0.2157125 -0.1917549 0.1897739 0.08422444 0.1426214 -0.08440953
0.1529948 -0.197862 0.1303416 0.05694116 0.158871 -0.08397205
0.1935396 -0.1434342 0.1034551 0.0787504 0.1923315 -0.0481043
0.1602879 -0.1793794 0.109231 0.09523178 0.1727862 -0.05608834
0.1503809 -0.1764124 0.05316533 0.06861359 0.1793726 -0.08785179
0.153283 -0.1635807 0.08203675 0.04240942 0.1494359 -0.09531324
0.1983746 -0.1652305 0.1200519 0.04985979 0.1291811 -0.09348741
0.1280924 -0.1634156 0.09706239 0.0009508501 0.120934 -0.1209942
0.1783724 -0.1520427 0.09247534 0.0367151 0.1462516 -0.09596515
0.2118213 -0.1763346 0.1404 0.07013194 0.1127102 -0.07675949
0.1525066 -0.2238673 0.1238402 0.07407743 0.1211446 -0.05171255
0.1451924 -0.1850121 0.09700071 0.03660753 0.1957324 -0.0271734
0.1451924 -0.1850121 0.09700071 0.03660753 0.1957324 -0.0271734
0.148281 -0.1792526 0.09617826 0.04374959 0.1809884 -0.05450393
0.1594364 -0.1883175 0.09610015 0.05707632 0.1837117 -0.03403033
0.1514978 -0.1814614 0.1216019 0.02680532 0.2101313 -0.02693188
0.1514978 -0.1814614 0.1216019 0.02680532 0.2101313 -0.02693188
0.1866182 -0.1766109 0.1416976 -0.01806804 0.1726122 -0.02989288
0.1196233 -0.1920266 0.1026441 -0.01557061 0.1257647 -0.101591
0.1394019 -0.1885515 0.08870357 -0.06365156 0.1576882 -0.05374054
0.1904892 -0.1780802 0.1163979 0.01738686 0.1048986 -0.05571031
0.2035912 -0.1530312 0.1443672 0.04051145 0.1019573 -0.07943536
0.141993 -0.1714769 0.07216178 -0.007057858 0.1003799 -0.1292558
0.1863636 -0.09901725 0.1346395 0.1052908 0.1206815 -0.105746
0.1499432 -0.1591189 0.1391992 0.01558659 0.09049908 -0.1191611
0.1499432 -0.1591189 0.1391992 0.01558659 0.09049908 -0.1191611
0.1499432 -0.1591189 0.1391992 0.01558659 0.09049908 -0.1191611
0.1499432 -0.1591189 0.1391992 0.01558659 0.09049908 -0.1191611
0.1499432 -0.1591189 0.1391992 0.01558659 0.09049908 -0.1191611
0.1499432 -0.1591189 0.1391992 0.01558659 0.09049908 -0.1191611
0.1499432 -0.1591189 0.1391992 0.01558659 0.09049908 -0.1191611
0.1499432 -0.1591189 0.1391992 0.01558659 0.09049908 -0.1191611
0.1499432 -0.1591189 0.1391992 0.01558659 0.09049908 -0.1191611
0.1905251 -0.1439285 0.1388964 0.06135468 0.1502474 -0.1001462
0.2075011 -0.09795126 0.07706831 0.01908663 0.1801557 -0.08837478
0.1071739 -0.1034793 0.05297363 -0.006331176 0.1825361 -0.09766772
0.1285456 -0.1128466 0.07262111 0.03215979 0.154388 -0.09241482
0.1718294 -0.08553477 0.07811803 -0.03870784 0.1769155 -0.1103229
0.1218487 -0.1124874 0.09351508 0.02948573 0.1744168 -0.1071339
0.1604333 -0.1568361 0.118591 -0.04503952 0.1495823 -0.09300389
0.1466558 -0.1302152 0.08702968 -0.1084693 0.1079618 -0.1170242
0.1822929 -0.1415195 0.06133427 -0.006452646 0.09699566 -0.126068
0.1652052 -0.1321499 0.07512675 -0.03535129 0.1453617 -0.09733856
0.2030143 -0.1901717 0.1527062 -0.04282421 0.1227636 -0.06789377
0.1301007 -0.2042478 0.1122496 -0.04094652 0.1425529 -0.0907291
0.1301007 -0.2042478 0.1122496 -0.04094652 0.1425529 -0.0907291
0.1301007 -0.2042478 0.1122496 -0.04094652 0.1425529 -0.0907291
0.1301007 -0.2042478 0.1122496 -0.04094652 0.1425529 -0.0907291
0.1301007 -0.2042478 0.1122496 -0.04094652 0.1425529 -0.0907291
0.1812503 -0.2198821 0.121442 -0.01981922 0.1207232 -0.07991535
0.1796595 -0.1826484 0.1307342 -0.05776239 0.1269337 -0.08274017
0.1333573 -0.1644875 0.04277395 -0.07908705 0.1582908 -0.1123165
0.1678603 -0.1628002 0.08964921 -0.02700482 0.1276644 -0.08944504
0.190122 -0.1334886 0.07657874 -0.03151429 0.1475335 -0.05496863
0.1882753 -0.1110191 0.06689594 0.03902105 0.1582132 -0.08359374
0.1896121 -0.09764043 0.07405949 0.03946418 0.151447 -0.1378576
0.1326922 -0.1065638 0.03648713 0.07756069 0.1560465 -0.1020656
0.158177 -0.1129948 0.1093522 0.09777146 0.1387584 -0.08676751
0.1934281 -0.1347403 0.1442585 0.08824648 0.142052 -0.07024697
0.2016955 -0.1734217 0.1353694 0.05818766 0.1479749 -0.06994319
0.208721 -0.1646101 0.119202 0.04403614 0.1225509 -0.07357357
0.165909 -0.1811274 0.08939741 0.03017008 0.116873 -0.07730982
0.1923694 -0.1854563 0.1262854 0.04789221 0.09408922 -0.1040381
0.1953363 -0.1725693 0.1449337 0.03705477 0.1010911 -0.1049827
0.1953363 -0.1725693 0.1449337 0.03705477 0.1010911 -0.1049827
0.2260515 -0.1464586 0.1985415 0.05547249 0.1456569 -0.1061073
0.1467233 -0.1481038 0.0765293 0.09908362 0.1523687 -0.09541202
0.1478924 -0.139172 0.07327924 0.1388782 0.1470244 -0.04996389
0.1507075 -0.1076909 0.0244343 0.1549236 0.1691681 -0.04697122
0.1640554 -0.1205291 0.08682925 0.1039135 0.1402328 -0.05961781
0.2112868 -0.1110903 0.1344951 0.1117625 0.1632467 -0.09774493
0.1327589 -0.149128 0.1275073 0.02849589 0.1510857 -0.1171183
0.1726934 -0.1139268 0.09430585 0.001854791 0.1912918 -0.06984977
0.1975292 -0.1371425 0.1759633 0.0153896 0.126576 -0.1174026
0.1589831 -0.2610159 0.1547852 -0.001104256 0.1351013 -0.09463489
0.1505484 -0.1730172 0.05553313 0.05211949 0.1066489 -0.1121666
0.1650773 -0.1552336 0.08886667 0.05603549 0.1181127 -0.09172322
0.1892705 -0.143283 0.09834718 0.1366673 0.1329399 -0.08541505
0.1913549 -0.1340483 0.1115868 0.1241349 0.1259986 -0.08826809
0.1930149 -0.1142472 0.1158615 0.125484 0.1101506 -0.1240247
0.1977443 -0.1136934 0.1436081 0.09761576 0.1225557 -0.1015961
0.1511067 -0.1807208 0.1424646 0.1402676 0.1278789 -0.07029142
0.1998202 -0.1694371 0.1562412 0.0324811 0.08833178 -0.1050199
0.1451954 -0.2304279 0.1841574 -0.02796568 0.09415661 -0.1187901
0.1451954 -0.2304279 0.1841574 -0.02796568 0.09415661 -0.1187901
0.1451954 -0.2304279 0.1841574 -0.02796568 0.09415661 -0.1187901
0.2119691 -0.2116563 0.1525071 -0.01520575 0.1541206 -0.0706109
0.2149667 -0.1878003 0.1939637 0.03359382 0.1726838 -0.08113925
0.1385877 -0.2062401 0.06321662 0.04126023 0.131558 -0.1461951
0.1905469 -0.2246904 0.1309071 0.07607231 0.1062879 -0.1345095
0.1905469 -0.2246904 0.1309071 0.07607231 0.1062879 -0.1345095
0.2079675 -0.1655842 0.1142107 0.08049161 0.1948784 -0.05415302
0.1384113 -0.1583851 0.08360136 0.020188 0.1672508 -0.1030114
0.1646258 -0.1732328 0.1343512 0.09028038 0.1821699 -0.05725736
0.2224945 -0.1833094 0.1645774 0.03244248 0.1795364 -0.09802764
0.1369469 -0.1683942 0.109741 -0.02066023 0.1581417 -0.1264341
0.1813654 -0.1790066 0.1113741 -0.01838912 0.1715368 -0.110651
0.1813654 -0.1790066 0.1113741 -0.01838912 0.1715368 -0.110651
0.1867801 -0.1592641 0.1421586 -0.05965157 0.1889649 -0.08443236
0.1516746 -0.2339763 0.1494966 -0.0002137034 0.1784913 -0.06436713
0.1789337 -0.2408884 0.1461926 -0.01345673 0.1644449 -0.06152475
0.2036801 -0.1929259 0.1856747 0.003498698 0.07456733 -0.1532024
0.1109114 -0.2673307 0.1462187 -0.005197191 0.1293961 -0.1135685
0.1872026 -0.1747443 0.1494061 -0.07726315 0.12437 -0.1265835
0.1377782 -0.1669292 0.101984 -0.03124151 0.1602748 -0.1243884
0.1377782 -0.1669292 0.101984 -0.03124151 0.1602748 -0.1243884
0.1377782 -0.1669292 0.101984 -0.03124151 0.1602748 -0.1243884
0.1377782 -0.1669292 0.101984 -0.03124151 0.1602748 -0.1243884
0.2177985 -0.1917336 0.1730533 0.003371652 0.1286489 -0.1183151
0.160092 -0.1904025 0.1496852 -0.01283325 0.1093023 -0.08436799
0.2165928 -0.1946039 0.1998683 0.0187454 0.12934 -0.09731531
0.1521386 -0.2822965 0.1470907 -0.02311509 0.139204 -0.1249806
0.1920292 -0.2193094 0.1820859 -0.0002563712 0.1322671 -0.1070918
0.2004682 -0.1928994 0.1979136 -0.03863709 0.1798276 -0.08226142
0.1372003 -0.2095016 0.1032521 -0.04581193 0.1944138 -0.05941081
0.1573367 -0.2135938 0.04886861 0.01938418 0.1665181 -0.08292777
0.232721 -0.2054889 0.1279506 0.06627265 0.1754325 -0.03900529
0.1742532 -0.2698247 0.1270195 0.1105384 0.09281616 -0.08139913
0.2031292 -0.2425334 0.1381357 0.07852742 0.08430579 -0.1068753
0.2632813 -0.258089 0.2267044 0.0688324 0.1450561 -0.03841721
0.1877148 -0.299715 0.1699433 0.04448675 0.1561399 -0.0870325
0.2252306 -0.2787796 0.1648729 0.07013843 0.1876995 -0.03099064
0.2252306 -0.2787796 0.1648729 0.07013843 0.1876995 -0.03099064
0.2252306 -0.2787796 0.1648729 0.07013843 0.1876995 -0.03099064
0.2710514 -0.304523 0.1908908 0.02121253 0.1307579 -0.04491327
0.1953217 -0.3291654 0.1949696 -0.008046569 0.1497628 -0.06224904
0.2365578 -0.3018241 0.2077287 0.07113121 0.158538 -0.03517642
0.1637113 -0.3319447 0.1618456 0.03769778 0.1881405 -0.04837422
0.222609 -0.2944562 0.1998214 -0.01360063 0.1565011 -0.03484105
0.2415893 -0.2649674 0.1860394 -0.01577268 0.1571068 -0.05045135
0.1933784 -0.3186124 0.1911301 -0.02529144 0.1440849 -0.07117861
0.1788027 -0.3124478 0.1901424 -0.03001756 0.1448009 -0.08242107
0.2409411 -0.282473 0.1938612 -0.01811897 0.15665 -0.0919955
0.1870999 -0.3110392 0.1927102 0.01444687 0.1338117 -0.09974754
0.2232364 -0.3161077 0.2018797 0.02274114 0.1424978 -0.04898157
0.2279462 -0.2969372 0.1917322 -0.009788394 0.1439928 -0.07163401
0.1655235 -0.2999077 0.1538032 -0.01970768 0.1665683 -0.06494641
0.2545342 -0.2614405 0.1819797 0.03068715 0.1645132 -0.05251221
0.1890122 -0.2887618 0.185993 0.02251327 0.1413552 -0.05643482
0.2479863 -0.2781674 0.1850429 0.06407882 0.1449747 -0.04365137
0.1909094 -0.3117121 0.1703536 0.06995583 0.1198147 -0.04477798
0.1909094 -0.3117121 0.1703536 0.06995583 0.1198147 -0.04477798
0.1909094 -0.3117121 0.1703536 0.06995583 0.1198147 -0.04477798
0.2212469 -0.2648469 0.1389992 0.07459331 0.1291728 -0.05141449
0.2163991 -0.2486854 0.1527051 0.1354125 0.1357174 -0.0744952
0.1848457 -0.2997464 0.1829179 0.04734364 0.1688304 -0.04192185
0.1848457 -0.2997464 0.1829179 0.04734364 0.1688304 -0.04192185
0.1765904 -0.2862048 0.1557443 -0.0002112371 0.1448025 -0.06512649
0.2288543 -0.2330876 0.1763849 0.05101803 0.1456406 -0.07201577
0.1789573 -0.2454509 0.1445885 0.08214636 0.1109709 -0.0973947
0.1789573 -0.2454509 0.1445885 0.08214636 0.1109709 -0.0973947
0.2330592 -0.247722 0.191054 0.06333888 0.1574703 -0.04524193
0.2149552 -0.2356017 0.1413146 0.01625421 0.1604917 -0.06467954
0.1747181 -0.2844037 0.1240339 0.04717629 0.1336448 -0.06448279
0.2320922 -0.2345869 0.1880767 0.1347157 0.136211 -0.1037213
0.2320922 -0.2345869 0.1880767 0.1347157 0.136211 -0.1037213
0.2402518 -0.2224686 0.1510314 0.1247493 0.1249667 -0.1151306
0.1822397 -0.2803808 0.1509905 0.1287475 0.1258292 -0.03980345
0.2185129 -0.2675156 0.1485623 0.1208716 0.06998629 -0.09463035
0.2185129 -0.2675156 0.1485623 0.1208716 0.06998629 -0.09463035
0.2185129 -0.2675156 0.1485623 0.1208716 0.06998629 -0.09463035
0.2185129 -0.2675156 0.1485623 0.1208716 0.06998629 -0.09463035
0.2408498 -0.2407872 0.1556125 0.0909979 0.0885945 -0.06070362
0.1777515 -0.2898453 0.138047 0.08178362 0.1228057 -0.04058651
0.1732951 -0.2889014 0.1143049 0.085479 0.1103866 -0.08617929
0.2284569 -0.2590879 0.1885648 0.05641535 0.1197826 -0.1002621
0.1893334 -0.3203461 0.1717937 0.04472638 0.1089394 -0.03912191
0.2215122 -0.2753281 0.1843226 0.03793661 0.07921116 -0.1362073
0.1831675 -0.2946192 0.1991154 0.06806873 0.1118156 -0.1174454
0.2229526 -0.2857395 0.19475 0.001431359 0.1183124 -0.105826
0.2229526 -0.2857395 0.19475 0.001431359 0.1183124 -0.105826
0.2229526 -0.2857395 0.19475 0.001431359 0.1183124 -0.105826
0.2229526 -0.2857395 0.19475 0.001431359 0.1183124 -0.105826
0.273053 -0.2724417 0.2231366 0.02911036 0.1033889 -0.1085313
0.1879817 -0.3324792 0.1491553 0.03456465 0.09864742 -0.08342247
0.2316308 -0.2954731 0.1926803 0.06760813 0.1037662 -0.115105
0.1872382 -0.3224901 0.197991 0.1214938 0.1098785 -0.1029577
0.1872382 -0.3224901 0.197991 0.1214938 0.1098785 -0.1029577
0.1872382 -0.3224901 0.197991 0.1214938 0.1098785 -0.1029577
0.1872382 -0.3224901 0.197991 0.1214938 0.1098785 -0.1029577
0.1872382 -0.3224901 0.197991 0.1214938 0.1098785 -0.1029577
0.2656901 -0.3183748 0.2502103 0.07925925 0.1418881 -0.02295535
0.1981955 -0.3346188 0.1989398 0.1387856 0.1358193 -0.06299208
0.2696704 -0.3243257 0.2306003 0.1065895 0.135183 -0.08419308
0.1897899 -0.3333761 0.1360841 0.06192871 0.1192367 -0.0914529
0.2099283 -0.3208452 0.1851718 0.02137438 0.1797646 -0.07088345
0.2099283 -0.3208452 0.1851718 0.02137438 0.1797646 -0.07088345
0.2099283 -0.3208452 0.1851718 0.02137438 0.1797646 -0.07088345
0.2099283 -0.3208452 0.1851718 0.02137438 0.1797646 -0.07088345
0.2099283 -0.3208452 0.1851718 0.02137438 0.1797646 -0.07088345
0.2211407 -0.287249 0.1550015 -0.02734402 0.1710186 -0.07894931
0.1696721 -0.3434231 0.2207504 -0.1124547 0.1499484 -0.06805721
0.2190874 -0.3026158 0.2191561 -0.08209769 0.1587073 -0.06181692
0.2443615 -0.334301 0.220665 -0.04272737 0.0963429 -0.07513779
0.193649 -0.3438667 0.1806782 0.02068611 0.1180104 -0.03952323
0.2146723 -0.3094273 0.1816883 0.04002533 0.1630072 -0.03837394
0.2485278 -0.2444766 0.1838456 0.04625118 0.16866 -0.04900976
0.1802741 -0.3032407 0.1506247 0.0593145 0.1704611 -0.03225447
0.2276554 -0.3093954 0.1452569 0.04079533 0.1605105 -0.02706051
0.2304129 -0.3161405 0.1947473 0.07400218 0.1679877 -0.02465396
0.2319853 -0.3178099 0.2108973 0.07798424 0.1562572 -0.02623185
0.1821152 -0.3425645 0.1700014 0.05366614 0.1381103 -0.05582008
0.1821152 -0.3425645 0.1700014 0.05366614 0.1381103 -0.05582008
0.261946 -0.363926 0.2071304 0.1905169 0.1354583 -0.01935982
0.2506504 -0.3668792 0.2189595 0.1703426 0.09865448 -0.04621965
0.2461774 -0.3539415 0.2259006 0.1481262 0.1031701 -0.05676699
0.2461774 -0.3539415 0.2259006 0.1481262 0.1031701 -0.05676699
0.2461774 -0.3539415 0.2259006 0.1481262 0.1031701 -0.05676699
0.2461774 -0.3539415 0.2259006 0.1481262 0.1031701 -0.05676699
0.2461774 -0.3539415 0.2259006 0.1481262 0.1031701 -0.05676699
0.2461774 -0.3539415 0.2259006 0.1481262 0.1031701 -0.05676699
0.237488 -0.2734259 0.1435685 0.1711954 0.128441 -0.06228255
0.1930968 -0.3050584 0.1477958 0.1647254 0.1251384 -0.04792654
0.2164783 -0.3043998 0.200831 0.0876181 0.178509 -0.05790354
0.2352248 -0.3108901 0.1864272 0.09792008 0.1389612 -0.05069348
0.1898005 -0.3267325 0.1520362 0.1323417 0.1434729 -0.05182182
0.2288729 -0.3197056 0.1587006 0.0983039 0.132492 -0.1095253
0.232846 -0.2875515 0.1827471 0.1168165 0.1618587 -0.05605192
0.1834276 -0.2848464 0.163255 0.08023299 0.1292207 -0.05158492
0.183949 -0.2901529 0.1677308 0.1056192 0.1324522 -0.05127364
0.183949 -0.2901529 0.1677308 0.1056192 0.1324522 -0.05127364
0.183949 -0.2901529 0.1677308 0.1056192 0.1324522 -0.05127364
0.183949 -0.2901529 0.1677308 0.1056192 0.1324522 -0.05127364
0.2261893 -0.277432 0.1562691 0.06613822 0.1320018 -0.06262004
0.2401636 -0.271293 0.1965667 0.04828939 0.108674 -0.06421961
0.1836433 -0.2882778 0.137782 0.04410558 0.1023977 -0.07019438
0.1836433 -0.2882778 0.137782 0.04410558 0.1023977 -0.07019438
0.2356818 -0.26587 0.2058007 0.07776928 0.1626303 -0.08498216
0.1849805 -0.329611 0.1775443 0.1456718 0.1679008 -0.04613065
0.2082212 -0.2971018 0.1636157 0.1645655 0.1596155 -0.03551044
0.2082212 -0.2971018 0.1636157 0.1645655 0.1596155 -0.03551044
0.2251506 -0.2653482 0.1956005 0.1028406 0.1300419 -0.0587621
0.1941191 -0.3012327 0.1867399 0.03516985 0.1014975 -0.05803467
0.2183462 -0.3032465 0.2024552 0.0606425 0.119862 -0.04348274
0.2410204 -0.2463716 0.1482544 0.02545349 0.09337714 -0.1168009
0.1522401 -0.278118 0.1111727 0.04898795 0.1925937 -0.03483131
0.2320917 -0.1929639 0.1355324 0.05443763 0.1889933 -0.08465432
0.1443674 -0.2551921 0.161267 0.007581069 0.1720665 -0.08172644
0.2283249 -0.1702216 0.1543556 -0.04413994 0.1856017 -0.06488834
0.1750515 -0.2265701 0.1396198 0.002768517 0.1679924 -0.0619555
0.2380273 -0.2237903 0.1980623 -0.05775222 0.1402669 -0.1065619
0.1641755 -0.3157258 0.2046694 0.004880248 0.1443992 -0.0835064
0.2693036 -0.2819906 0.1492048 0.1909087 0.1890012 -0.02671787
0.1842577 -0.2800791 0.1082162 0.1689457 0.2280021 -0.03688451
0.2378927 -0.2880379 0.1773185 0.0692082 0.1608686 -0.06332986
0.1773866 -0.2997999 0.1293843 0.1218017 0.1667453 -0.03980542
0.2577583 -0.2871421 0.1887866 0.1811489 0.1695369 -0.05286051
0.2042774 -0.2909687 0.1197009 0.2498353 0.1707811 -0.04737881
0.2042774 -0.2909687 0.1197009 0.2498353 0.1707811 -0.04737881
0.2475194 -0.2811733 0.1879158 0.1415455 0.1831087 -0.04170502
0.2662795 -0.2916093 0.1808808 0.195899 0.1380202 -0.05878303
0.1898582 -0.3063557 0.1288133 0.1766592 0.1059667 -0.07294044
0.2303832 -0.2919205 0.2277704 0.1840788 0.1133303 -0.05862993
0.2360555 -0.2619458 0.1502212 0.1858805 0.118461 -0.06991003
0.2360555 -0.2619458 0.1502212 0.1858805 0.118461 -0.06991003
0.2330808 -0.2593925 0.1679685 0.1706501 0.1349369 -0.0656476
0.1802761 -0.3111908 0.1423828 0.1383014 0.1072119 -0.07531559
0.2171023 -0.3034338 0.1161938 0.1388111 0.1315733 -0.05131683
0.2683984 -0.2666585 0.1640495 0.174417 0.1470854 -0.0555533
0.1860633 -0.3240031 0.131679 0.2090815 0.1695294 -0.02219731
0.1860633 -0.3240031 0.131679 0.2090815 0.1695294 -0.02219731
0.2376945 -0.2761683 0.1606004 0.1755113 0.1432102 -0.06040709
0.2769372 -0.3035954 0.2167431 0.06986957 0.0713019 -0.07371186
0.1895522 -0.3263082 0.1294762 0.05700491 0.1113821 -0.06723899
0.2461275 -0.3208999 0.1633848 0.1288471 0.1057446 -0.07284404
0.2461275 -0.3208999 0.1633848 0.1288471 0.1057446 -0.07284404
0.2461275 -0.3208999 0.1633848 0.1288471 0.1057446 -0.07284404
0.2461275 -0.3208999 0.1633848 0.1288471 0.1057446 -0.07284404
0.2692038 -0.3185869 0.2230881 0.1497618 0.1535641 -0.07201286
0.1891063 -0.3285227 0.1461797 0.1344457 0.1639081 -0.07817028
0.1891063 -0.3285227 0.1461797 0.1344457 0.1639081 -0.07817028
0.2380816 -0.3033208 0.204617 0.103177 0.1500431 -0.0597645
0.2364572 -0.2606531 0.1865584 0.0651831 0.1402918 -0.04915808
0.1901875 -0.2867168 0.1488713 0.09001688 0.1371764 -0.05705532
0.2174733 -0.2656677 0.1657371 0.08717032 0.119139 -0.06800992
0.263504 -0.2715928 0.1877434 0.1405073 0.09015474 -0.04001904
0.194776 -0.3053387 0.1775306 0.0612461 0.1082885 -0.03083776
0.2487237 -0.2731206 0.1923579 0.1043844 0.1389914 -0.04735376
0.2334672 -0.2817269 0.2004392 0.1001037 0.1314341 -0.05370246
0.238796 -0.2844315 0.1861698 0.06765684 0.1648343 -0.03196789
0.1995225 -0.3203548 0.1270281 0.2324764 0.1506658 -0.0405255
0.2291075 -0.3018037 0.1237163 0.263229 0.1354922 -0.0488882
0.2609216 -0.2656116 0.1336507 0.1791375 0.1450288 -0.063145
0.1999387 -0.3112052 0.1545382 0.2085111 0.1181772 -0.05744746
0.2337791 -0.2613516 0.1251862 0.1734664 0.09225795 -0.0701975
0.2337791 -0.2613516 0.1251862 0.1734664 0.09225795 -0.0701975
0.2337791 -0.2613516 0.1251862 0.1734664 0.09225795 -0.0701975
0.3068472 -0.2777934 0.2096174 0.1368897 0.1057056 -0.02431543
0.1782073 -0.3105713 0.1261386 0.127325 0.1375272 -0.04872203
0.1782073 -0.3105713 0.1261386 0.127325 0.1375272 -0.04872203
0.1782073 -0.3105713 0.1261386 0.127325 0.1375272 -0.04872203
0.2491044 -0.3114077 0.1876083 0.08085839 0.1385704 -0.03824359
0.2098842 -0.3551265 0.2275266 0.153531 0.1065174 -0.03723024
0.2098842 -0.3551265 0.2275266 0.153531 0.1065174 -0.03723024
0.2098842 -0.3551265 0.2275266 0.153531 0.1065174 -0.03723024
0.2098842 -0.3551265 0.2275266 0.153531 0.1065174 -0.03723024
0.223541 -0.3074111 0.1967863 0.0972565 0.1429822 -0.02159065
0.226542 -0.3059731 0.1954329 0.03790972 0.1547218 -0.02921769
0.2187264 -0.3395421 0.2054082 0.1165933 0.1578228 -0.0198233
0.2477095 -0.2999036 0.2254133 0.07197838 0.1510763 -0.02500396
0.2007482 -0.3146594 0.2443464 0.08184604 0.1400109 -0.01901237
0.2356011 -0.2900331 0.1753746 0.06563093 0.1512085 -0.022813
0.1704358 -0.3094265 0.1573941 0.07644677 0.1782042 -0.03195732
0.2061697 -0.2862124 0.1553458 0.01775188 0.1672848 -0.006784544
0.2389628 -0.2977937 0.195734 -0.003584566 0.1465771 -0.01560205
0.174955 -0.2935442 0.1529589 0.01797184 0.1389043 -0.04535755
0.1838427 -0.2809919 0.1658849 0.01385352 0.1642592 -0.01781356
0.1838427 -0.2809919 0.1658849 0.01385352 0.1642592 -0.01781356
0.2236792 -0.2581847 0.1838003 0.04281546 0.1635707 -0.05652277
0.1880579 -0.3274179 0.169077 0.005968932 0.1291544 -0.02026436
0.1880579 -0.3274179 0.169077 0.005968932 0.1291544 -0.02026436
0.1880579 -0.3274179 0.169077 0.005968932 0.1291544 -0.02026436
0.1880579 -0.3274179 0.169077 0.005968932 0.1291544 -0.02026436
0.2199332 -0.3240399 0.1834183 0.05699521 0.1145587 -0.02442132
0.2681397 -0.3228627 0.2431999 0.0361908 0.09454177 -0.0268404
0.2091533 -0.3659727 0.2143679 -0.03814729 0.05430771 -0.04668799
0.2091533 -0.3659727 0.2143679 -0.03814729 0.05430771 -0.04668799
0.2091533 -0.3659727 0.2143679 -0.03814729 0.05430771 -0.04668799
0.2091533 -0.3659727 0.2143679 -0.03814729 0.05430771 -0.04668799
0.2091533 -0.3659727 0.2143679 -0.03814729 0.05430771 -0.04668799
0.2347255 -0.3475532 0.2424826 0.03916214 0.09903493 -0.04771977
0.1837215 -0.3561624 0.1922506 -0.00192399 0.1011587 -0.0007756055
0.2477759 -0.3589295 0.2403261 0.06515816 0.1237731 0.003172059
0.2004417 -0.387705 0.1853637 0.0362582 0.09622984 -0.01246437
0.2332421 -0.3674428 0.2199203 0.03746917 0.07501002 -0.03992835
0.2332421 -0.3674428 0.2199203 0.03746917 0.07501002 -0.03992835
0.2332421 -0.3674428 0.2199203 0.03746917 0.07501002 -0.03992835
0.2332421 -0.3674428 0.2199203 0.03746917 0.07501002 -0.03992835
0.2332421 -0.3674428 0.2199203 0.03746917 0.07501002 -0.03992835
0.2332421 -0.3674428 0.2199203 0.03746917 0.07501002 -0.03992835
0.2332421 -0.3674428 0.2199203 0.03746917 0.07501002 -0.03992835
0.2332421 -0.3674428 0.21992