0.2315371 -0.7817289 0.7373621 -1 -0.02171374 -0.03116113
0.2540769 -0.7845578 0.7373208 -0.9291004 -0.002539978 0.01162221
0.2531728 -0.7522886 0.7591495 -0.9577345 -0.005902434 -0.03735154
0.231651 -0.7302386 0.7290591 -0.9625676 -0.07063245 -0.1007617
0.1859598 -0.6221631 0.6461866 -1 -0.0190354 -0.06848362
0.2664632 -0.7060864 0.7100682 -0.9267175 0.005050313 -0.06772519
0.263646 -0.7647404 0.763873 -1 -0.06229655 -0.05238425
0.2848298 -0.7803148 0.7294168 -0.9151756 -0.04191897 -0.03775183
0.2239863 -0.7102134 0.7144238 -1 -0.03610554 -0.0524402
0.19843 -0.7173287 0.6982031 -1 -0.09515683 -0.07599618
0.2140369 -0.7223918 0.5821271 -0.6964642 -0.07873592 -0.04947637
0.1950088 -0.6542718 0.6155633 -1 0.03334476 -0.0385563
0.2264126 -0.7042514 0.666577 -0.8474749 -0.04542919 -0.06797594
0.2076457 -0.6937821 0.6911137 -1 -0.06951058 -0.07750862
0.2354647 -0.7433793 0.7661826 -1 0.05831883 -0.07173529
0.2558903 -0.7805905 0.7260131 -0.8063892 0.03144715 -0.05065594
0.2274793 -0.7539917 0.6409581 -0.7162887 0.08185725 -0.09105989
0.2733473 -0.7968955 0.7418417 -0.8899378 0.04514963 -0.1053002
0.3400899 -0.8611963 0.911066 -1 0.07671387 -0.09678768
0.2398093 -0.8207228 0.6469285 -0.8215078 0.10853 -0.124865
0.2785365 -0.8557396 0.7972366 -1 0.06772426 -0.07823088
0.2503363 -0.8266971 0.6330513 -0.7430715 0.01784763 -0.1473636
0.2991207 -0.7264899 0.7043561 -0.8404415 0.04091151 -0.1258319
0.3073646 -0.797698 0.6498606 -0.5943406 -0.03626872 -0.0574416
0.2227769 -0.6989549 0.5571103 -0.8239436 -0.05195414 -0.05472519
0.2174962 -0.6680242 0.605332 -1 -0.0285659 -0.01122276
0.324845 -0.7873343 0.7627268 -0.8684533 -0.03862399 -0.05365922
0.2630475 -0.8138427 0.7001096 -0.9441857 -0.01064051 -0.04702429
0.2586969 -0.7975152 0.7548609 -1 -0.06374211 -0.05331409
0.2805341 -0.874814 0.8111114 -1 -0.0347134 0.01968857
0.291135 -0.9063686 0.8285288 -1 -0.1154983 -0.07622299
0.2540584 -0.7728619 0.7033005 -1 -0.01665186 -0.01056631
0.2218205 -0.7204463 0.6525569 -1 -0.03797384 -0.05966079
0.316197 -0.8491986 0.8907459 -1 -0.1112204 -0.09838601
0.2601251 -0.8903319 0.7654575 -1 -0.0590854 -0.08253469
0.28778 -0.9330906 0.8206694 -1 -0.04778697 -0.06840435
0.3184594 -0.9959788 0.9483444 -1 -0.1017683 -0.0730596
0.3256443 -1 0.949503 -1 -0.09388814 -0.08509257
0.3196018 -1 0.9540392 -1 -0.1395386 -0.09905606
0.2501287 -0.8487195 0.6878186 -0.8508648 -0.05189163 -0.1255996
0.2592157 -0.8186587 0.749536 -1 -0.07246662 -0.07856271
0.2397736 -0.7423443 0.703051 -1 -0.1132979 -0.1088415
0.2359749 -0.7278802 0.6999878 -1 -0.1345627 -0.09409808
0.2153608 -0.7309474 0.661557 -0.9871403 -0.09562352 -0.1052053
0.2690599 -0.7635296 0.63302 -0.6729851 -0.04877524 -0.08325235
0.2502858 -0.7376462 0.6754632 -0.8774875 -0.05219932 -0.1104825
0.2229311 -0.7393939 0.6729237 -0.9905267 -0.02068691 -0.03596096
0.2210445 -0.6978881 0.6509305 -0.9418334 -0.03547325 -0.108801
0.2309001 -0.6842304 0.6317191 -1 0.04304132 -0.1250316
0.2144741 -0.7044703 0.7020065 -1 0.07578736 -0.1188931
0.202213 -0.646202 0.6087503 -0.8560811 0.1049545 -0.2088052
0.2017803 -0.6388231 0.7114657 -1 0.1098992 -0.2416077
0.2518171 -0.7847695 0.7659104 -1 0.13732 -0.1971754
0.2385942 -0.7257426 0.7587414 -1 0.1572338 -0.2064777
0.2219378 -0.7492124 0.6551929 -0.7923924 0.1357039 -0.1592178
0.202169 -0.7088838 0.6621888 -1 0.1303325 -0.2085901
0.234096 -0.7639477 0.7425548 -1 0.1122408 -0.1742805
0.1596967 -0.5962782 0.649493 -1 0.1821604 -0.2308166
0.1956934 -0.6572826 0.70544 -1 0.1811791 -0.1863268
0.2162016 -0.6866085 0.7661424 -1 0.1865239 -0.1117948
0.1825306 -0.6658714 0.6729154 -1 0.1194757 -0.1808087
0.2342399 -0.7501642 0.7862799 -1 0.162037 -0.1031528
0.247601 -0.7084869 0.6721546 -0.8187428 0.1342853 -0.1458564
0.3453431 -0.7372308 0.7201241 -0.3264639 0.1894499 -0.06326826
0.3590584 -0.7421878 0.6954871 -0.07559666 0.2382475 -0.09933364
0.3189822 -0.6538175 0.7125022 -0.1868711 0.1679513 -0.1337964
0.3025497 -0.5935577 0.5552106 0.0920235 0.2782854 -0.07212383
0.2660929 -0.6713314 0.5342249 0.03967641 0.2361427 -0.1159724
0.2806637 -0.6969628 0.5485657 0.1126022 0.2364902 -0.1567641
0.3602071 -0.8313777 0.4636929 0.3621571 0.1840906 -0.1192823
0.3615903 -0.7512016 0.5647386 0.2971004 0.1863832 -0.197007
0.317992 -0.8347277 0.5312822 0.2613999 0.2218344 -0.1906092
0.3341734 -0.8974167 0.807861 -0.4204154 0.1991699 -0.1651711
0.2882225 -0.750784 0.7522411 -0.5549324 0.1971622 -0.214458
0.3099683 -0.7564674 0.7071432 -0.3219791 0.2045431 -0.2481598
0.3146081 -0.7540017 0.6940869 -0.09728693 0.2547219 -0.1876304
0.3186475 -0.8275103 0.8294407 -0.4146779 0.275057 -0.1565262
0.2960664 -0.876226 0.8544601 -0.822279 0.2990907 -0.2082936
0.2935815 -0.885547 0.9576963 -1 0.2670815 -0.2955524
0.2957821 -0.9236467 0.9371268 -1 0.3029087 -0.3432378
0.2934996 -0.9148073 0.902972 -0.9564131 0.3322842 -0.249891
0.2856841 -0.9322999 0.8580158 -0.8621774 0.2929609 -0.2037621
0.3180159 -0.9314858 0.9177549 -0.8703555 0.2286424 -0.2740569
0.3145261 -0.9106374 0.9445028 -0.9411824 0.2588402 -0.2310464
0.2823451 -0.8447407 0.914564 -0.8276391 0.4224235 -0.2492768
0.3443598 -0.9367906 1 -0.7571389 0.385914 -0.2250594
0.3443929 -1 0.9551596 -0.6393048 0.4303714 -0.1443372
0.3033123 -0.9077379 0.690436 -0.2973476 0.2944995 -0.1923479
0.3332364 -0.8372263 0.5884606 -0.1308782 0.2950883 -0.1135675
0.319452 -0.7058864 0.4847912 0.2661965 0.3191142 -0.1503351
0.3094665 -0.7744523 0.4411915 0.2361566 0.308107 -0.152418
0.2857089 -0.7787403 0.3646353 0.2965037 0.3024429 -0.1685254
0.292164 -0.7882419 0.3849643 0.323235 0.3010163 -0.1888263
0.3442633 -0.887958 0.4621496 0.4335049 0.2713733 -0.1561343
0.3758653 -0.7829006 0.4004648 0.5420279 0.1991092 -0.1163127
0.3205951 -0.7672076 0.530457 0.1302668 0.1839814 -0.1721038
0.2936162 -0.6476843 0.4061558 0.2064531 0.2279898 -0.2532321
0.2962154 -0.5876864 0.4857646 0.02164851 0.2152254 -0.2032941
0.3483573 -0.7104869 0.5731716 0.03539852 0.1986984 -0.193718
0.3279465 -0.741083 0.6968261 -0.2398612 0.2154419 -0.2114673
0.3706203 -0.7507268 0.4593311 0.3331428 0.2204406 -0.1754329
0.3949041 -0.6046136 0.3375466 0.8665662 0.2420332 -0.1423568
0.321924 -0.7448578 0.4107872 0.4422786 0.2648719 -0.1316479
0.2970893 -0.4131569 0.3527077 0.2536194 0.2165626 -0.1377701
0.2590741 -0.5936406 0.4747451 0.03612771 0.2286947 -0.1610406
0.2441697 -0.5728942 0.4250053 0.02260245 0.2947204 -0.1453394
0.2265902 -0.4560676 0.2783577 0.3482451 0.3197352 -0.175055
0.2073096 -0.4206686 0.2325365 0.3697576 0.4003192 -0.1005453
0.2043929 -0.4597917 0.3436029 0.06373613 0.3533018 -0.1765052
0.2094534 -0.4895456 0.3772261 0.009105263 0.3761716 -0.1731189
0.2459525 -0.5710413 0.505096 -0.01424284 0.2498495 -0.2130442
0.2109564 -0.6067277 0.490569 -0.05392747 0.2502145 -0.1363461
0.260727 -0.6358417 0.5480894 -0.06770772 0.2766572 -0.1937906
0.2719483 -0.6911323 0.7375001 -0.4792527 0.1808513 -0.2211625
0.2827563 -0.7735932 0.833553 -0.6731749 0.1927514 -0.147192
0.3337714 -0.8464496 0.9683159 -0.7546409 0.1913318 -0.09347077
0.3678895 -0.8808715 0.9587548 -0.7032827 0.1406847 -0.15779
0.3108374 -0.8737253 1 -1 0.1555041 -0.1883282
0.3368976 -0.803441 0.9992557 -0.8490757 0.1676685 -0.1576624
0.3101023 -0.8970256 1 -1 0.09857138 -0.1713778
0.2987777 -0.9960899 1 -1 0.1252646 -0.1947979
0.3009352 -1 1 -1 0.1414918 -0.1733628
0.3024602 -1 1 -1 0.02880874 -0.1316449
0.2866184 -0.9797975 1 -1 0.04962488 -0.1398884
0.2943756 -1 1 -1 0.03428217 -0.130277
0.3107153 -1 1 -1 0.06493487 -0.2034236
0.391533 -0.9579419 1 -1 0.05472147 -0.1232132
0.4118768 -0.9830216 1 -1 0.0801976 -0.09998222
0.3753188 -0.9714757 1 -1 0.09022154 -0.1404428
0.3300933 -1 1 -1 0.09770956 -0.0611752
0.3096945 -1 1 -1 0.02153153 -0.03961982
0.2741344 -0.786068 0.7005581 -0.4412149 0.05587056 -0.01275261
0.2343476 -0.7193618 0.5120687 -0.2404954 0.03000692 -0.01044519
0.1938014 -0.5889056 0.3934619 -0.1774729 0.1091368 0.01766756
0.1782224 -0.4635947 0.4240546 -0.3965689 0.09872876 -0.00331155
0.1881507 -0.4484762 0.509873 -0.7374523 0.06495671 -0.03536277
0.1850445 -0.5377694 0.6535079 -1 -0.02630772 -0.05307034
0.175207 -0.5419126 0.6556141 -1 -0.004042411 -0.04734097
0.185233 -0.4917396 0.6069562 -1 -0.01158263 -0.03780989
0.1632981 -0.5033767 0.548954 -0.9033709 -0.02028606 -0.07031196
0.2131843 -0.6214223 0.6617557 -0.8905572 -0.07897487 -0.08013475
0.1925138 -0.6487783 0.713544 -1 -0.03941056 -0.04806483
0.1699102 -0.5773616 0.692813 -1 -0.05542636 -0.07646321
0.2028562 -0.6003067 0.7149915 -1 -0.1440332 -0.1158145
0.1751911 -0.601904 0.7206138 -1 -0.133522 -0.09448911
0.1511913 -0.5688469 0.6550492 -1 -0.06453779 -0.02497694
0.1941874 -0.7048903 0.8030252 -1 -0.1046611 -0.0003632593
0.1912785 -0.6837824 0.7845486 -1 -0.1047478 -0.008774674
0.1739815 -0.6200256 0.7417794 -1 -0.0858909 -0.03243229
0.1893492 -0.6267188 0.7849801 -1 -0.03955488 0.04140384
0.2070433 -0.5891694 0.6825399 -1 -0.06941912 -0.001513926
0.1772863 -0.4947223 0.5288233 -0.7789674 -0.06003439 -0.01319409
0.1654483 -0.5220818 0.6007805 -1 -0.09057666 -0.05582888
0.1537448 -0.4772989 0.5329049 -0.9836417 -0.05911717 -0.02202588
0.191469 -0.5546769 0.6620455 -1 -0.05447301 -0.004018439
0.1980581 -0.5395821 0.6361758 -0.9011201 -0.003866618 0.03996728
0.1863515 -0.5253464 0.6330627 -0.9701261 -0.050655 -0.03109315
0.1911984 -0.5450186 0.6730259 -1 -0.02756961 0.005805145
0.1838283 -0.5287521 0.6324232 -1 -0.1399616 -0.01373005
0.1785672 -0.524559 0.5619583 -0.8631837 -0.07934398 -0.02766178
0.156109 -0.4413137 0.639347 -1 -0.1031001 -0.05637366
0.2059008 -0.569281 0.7168546 -1 -0.0771037 -0.02835232
0.1709334 -0.5558077 0.6332003 -1 -0.09339446 -0.02403302
0.1797797 -0.5343763 0.7073012 -1 -0.0724579 -0.01833557
0.2080943 -0.5492086 0.6263095 -0.8170462 -0.1173436 -0.01615173
0.3285691 -0.6474631 0.7421727 -0.8387547 -0.09066577 0.03744359
0.184572 -0.5105386 0.4670081 -0.6053205 -0.06501608 -0.031925
0.1955319 -0.4681108 0.4774539 -0.5599793 -0.0317832 -0.06839332
0.1517197 -0.4233652 0.4356175 -0.6365345 -0.06401167 -0.06990674
0.1986398 -0.5635583 0.607089 -0.9013951 -0.1325666 -0.04769776
0.2127849 -0.6185657 0.6655949 -1 -0.08927655 -0.05120892
0.1783016 -0.5138526 0.5874884 -0.89916 -0.1070969 -0.08400778
0.1496986 -0.3951128 0.5155107 -0.922261 -0.04817852 -0.08413099
0.1354603 -0.4279078 0.5595998 -1 -0.07642321 -0.05470591
0.1663288 -0.4446405 0.4690846 -0.6911486 -0.1056512 -0.05968273
0.1849542 -0.4812333 0.5540344 -0.8183818 -0.06278332 -0.01406824
0.193434 -0.4832492 0.4904165 -0.7059696 0.008542925 0.01510397
0.1936598 -0.4876781 0.5254025 -0.7456276 -0.03130363 -0.004649942
0.176782 -0.4437777 0.5129178 -0.9244561 -0.07974343 -0.05454984
0.1855461 -0.5039436 0.572524 -0.8961105 -0.07311035 -0.03637448
0.1936911 -0.4815699 0.6635068 -1 -0.1155819 -0.07715233
0.1903125 -0.556924 0.6508242 -0.8490557 -0.09873889 -0.02704218
0.1698416 -0.5540388 0.6401765 -1 -0.1115653 -0.05421402
0.2124872 -0.5401589 0.514484 -0.6069363 0.008836701 -0.03033684
0.1459438 -0.3962557 0.5520711 -0.9089503 -0.09607048 -0.07793247
0.1797338 -0.4983094 0.5372666 -0.7228013 -0.07118168 -0.08494466
0.2242182 -0.6056859 0.5187989 -0.4092796 -0.01858424 -0.03136689
0.2130857 -0.6172252 0.5678262 -0.579443 -0.05621408 -0.05661873
0.2008947 -0.6264926 0.6222576 -0.8148828 -0.1082721 -0.01663683
0.1829319 -0.5327657 0.5116124 -0.6748614 0.0254275 0.04607931
0.2070381 -0.5070997 0.4109537 -0.2930961 -0.00295803 0.05272392
0.2053093 -0.4815858 0.3477842 -0.02654041 0.03908956 0.09811697
0.1906669 -0.4980034 0.4090075 -0.3616229 0.01403874 0.01058206
0.18205 -0.4730145 0.4420386 -0.5349735 -0.04210213 -0.05620309
0.1834781 -0.528855 0.5163214 -0.6729013 -0.0271929 -0.03788432
0.1735062 -0.5348471 0.5842462 -0.8242512 -0.02884856 -0.06546351
0.1781251 -0.5582465 0.6074281 -0.8679197 -0.01849197 -0.01872282
0.20847 -0.5522706 0.5545398 -0.5741838 -0.04142985 -0.02586187
0.215137 -0.5437163 0.3599513 -0.09927247 0.05918329 0.007465972
0.2000587 -0.4729326 0.3448703 0.0820737 0.02756502 -0.04361093
0.2098536 -0.4623784 0.3689181 -0.1068366 0.05322956 -0.07117984
0.2062452 -0.5084066 0.4291461 -0.2656248 0.04862504 -0.01091713
0.1959432 -0.5513456 0.5092867 -0.4808155 0.02178014 0.006046793
0.2284187 -0.6191018 0.4793622 -0.336677 -0.008261762 -0.01674994
0.2110517 -0.6130866 0.4101239 -0.1745846 0.0511081 0.01135215
0.2206153 -0.592586 0.4118391 -0.04622254 0.05287808 -0.0412636
0.2800391 -0.7046522 0.5042793 0.2126766 0.0128528 -0.04347517
0.2381063 -0.6930653 0.4867862 0.06310965 0.01670182 0.01421582
0.2412003 -0.6859707 0.4601255 -0.01559268 0.03228966 -0.05865638
0.2744966 -0.8023403 0.6741249 -0.3714498 -0.04310701 -0.08158556
0.2542478 -0.7966968 0.5781867 -0.3784807 0.08740851 -0.03249802
0.2372915 -0.7496628 0.6816807 -0.5362211 0.04443984 -0.0342849
0.2369384 -0.7517828 0.6646053 -0.5696742 0.06089899 0.01973726
0.1811976 -0.6383111 0.4878832 -0.5346213 0.03351518 -0.07298891
0.1908748 -0.6214091 0.5053243 -0.5022275 0.05257167 -0.07123407
0.1851878 -0.5710288 0.5021353 -0.3445707 0.1058765 -0.03637744
0.2217405 -0.6208123 0.4810938 -0.1961397 0.1022801 0.001632109
0.2295077 -0.608619 0.3959137 0.07830785 0.09963718 -0.07286387
0.2652369 -0.6866347 0.3325146 0.5780678 0.1099254 0.01760134
0.2314334 -0.5820199 0.3032826 0.3605281 0.07246472 -0.01316283
0.1853475 -0.5354432 0.3505552 -0.02196505 0.1381453 -0.09487057
0.2907439 -0.7487952 0.4743828 0.1451815 0.06363209 0.01353259
0.2800966 -0.7746086 0.5283948 0.0977657 0.03679679 0.005937035
0.2923689 -0.800912 0.6059529 -0.1676751 -0.013685 -0.04201258
0.2902526 -0.7613302 0.47576 0.05413349 0.1308105 -0.01607174
0.3013058 -0.8130571 0.4876556 0.3009489 0.0947469 0.03381991
0.3051178 -0.7923224 0.528791 0.2567488 0.1254542 0.04537086
0.3115379 -0.8216338 0.4498335 0.3795035 0.1062655 0.0327587
0.2348658 -0.7012908 0.3676906 0.4086885 0.1261773 0.004613026
0.2463654 -0.7983555 0.4526854 0.3164107 0.09349383 -0.01567692
0.2348649 -0.6670597 0.3946034 0.3105116 0.144506 0.02391587
0.2289176 -0.7230592 0.343486 0.431513 0.1027958 0.01449037
0.2506349 -0.7345896 0.4609232 0.2482136 0.1316315 0.02578754
0.2350548 -0.6714322 