0.1168215 -0.4662777 0.5107707 -0.7628238 0.3321319 -0.1633538
0.1382083 -0.5520324 0.548963 -0.9365456 0.2293944 -0.2080522
0.1127867 -0.39441 0.4033634 -0.995647 0.2811163 -0.2198881
0.1044243 -0.3097956 0.4159841 -1 0.2518009 -0.2027712
0.1154099 -0.4214387 0.5115787 -1 0.2284034 -0.2135949
0.1509986 -0.4972096 0.4652869 -0.8107339 0.2389774 -0.135026
0.1778663 -0.4780553 0.5008923 -0.8629662 0.2375625 -0.1487864
0.1267669 -0.3870529 0.3958167 -0.9169279 0.2033415 -0.1659619
0.1120519 -0.4431009 0.4387206 -0.9291139 0.2510268 -0.156407
0.0669505 -0.3181153 0.4154672 -1 0.196984 -0.1468849
0.09060629 -0.3473058 0.464341 -1 0.2148681 -0.1404553
0.08631366 -0.339146 0.4782158 -1 0.13391 -0.1640587
0.1225481 -0.4316969 0.4481763 -1 0.2122213 -0.1706075
0.1210277 -0.4343319 0.4702836 -1 0.231658 -0.142607
0.10741 -0.3563504 0.4401616 -1 0.2165749 -0.2222775
0.09189416 -0.3746097 0.3974161 -1 0.2086646 -0.1600172
0.08263434 -0.3137254 0.3798722 -1 0.2351556 -0.2045175
0.08267181 -0.274941 0.3783006 -1 0.1463476 -0.02348678
0.07500756 -0.2848815 0.3769282 -1 0.1507706 -0.08015633
0.06944115 -0.2554298 0.2650819 -0.9310553 0.1926576 -0.07344034
0.09474282 -0.3067079 0.3221225 -1 0.1031306 -0.04113305
0.08342437 -0.3697192 0.34972 -0.9424457 0.07714681 -0.04354398
0.1212206 -0.3886159 0.382829 -0.9524228 0.08208128 -0.06104208
0.08215205 -0.3164395 0.3466192 -0.9396167 0.02076298 -0.05385586
0.1227902 -0.3473102 0.3830381 -0.8555084 0.05877278 -0.0471894
0.09152468 -0.3115299 0.3072114 -0.812984 -0.005507296 -0.1058796
0.1171521 -0.3605561 0.3642882 -0.9304951 -0.005741393 -0.06830087
0.09452435 -0.3326075 0.3494168 -0.8402976 -0.005581064 -0.1219255
0.0979185 -0.3411013 0.3557432 -0.7705268 -0.01058882 -0.05657301
0.02559243 -0.1994403 0.2840473 -1 0.02745169 -0.0773543
0.0422645 -0.1446318 0.2681567 -1 0.01313755 -0.04473032
0.02892368 -0.07345247 0.2275363 -0.9587043 -0.00733361 -0.08984935
0.07092747 -0.1602157 0.3301805 -1 -0.02903589 -0.05033694
0.04313036 -0.1210207 0.2570779 -1 0.02096121 -0.09156077
0.06758346 -0.1665882 0.3339152 -1 -0.008146927 -0.1094416
0.06131193 -0.1805006 0.34682 -1 -0.04775235 -0.09534857
0.0917871 -0.3204716 0.3548576 -0.8858061 -0.06437269 -0.03754996
0.04112029 -0.2060104 0.1701927 -0.5418271 0.003560152 -0.06813008
0.05288571 -0.190426 0.1715537 -0.6300528 0.07300984 0.1378912
0.09865101 -0.2427434 0.2283563 -0.5303705 -0.01198003 0.009868402
0.0825413 -0.2060009 0.2381136 -0.7547868 0.01033476 0.03531513
0.07260124 -0.1935975 0.3258294 -0.9623954 -0.01372018 -0.02504213
0.06553809 -0.2148891 0.2296992 -1 0.03970836 -0.06799964
0.08365834 -0.2738774 0.3279172 -1 0.02188445 -0.05764982
0.0828697 -0.2598852 0.3390115 -0.9819555 -0.02914491 -0.04175275
0.05258869 -0.188178 0.3204502 -1 -0.0477326 -0.07843013
0.07149586 -0.1969141 0.2927886 -0.8997731 -0.009750434 -0.1055781
0.07777797 -0.1985897 0.4081736 -1 0.03561158 -0.1504816
0.07346674 -0.2547972 0.3446255 -1 0.07715257 -0.08110292
0.09921193 -0.2755694 0.2609015 -0.8937592 0.12795 -0.04284444
0.09704718 -0.2825373 0.3068548 -0.9554735 0.08227973 -0.1033178
0.08972516 -0.2481228 0.3030015 -0.8731858 0.1826878 -0.03429363
0.1184876 -0.3199178 0.364642 -1 0.148698 -0.02606055
0.1112194 -0.3127021 0.35201 -1 0.1733209 -0.0685401
0.08332095 -0.2953798 0.3466679 -1 0.1861099 -0.04013886
0.09607926 -0.2942472 0.3621881 -1 0.1782606 -0.03315454
0.08728458 -0.3121305 0.3668108 -1 0.1862699 -0.02990925
0.1124182 -0.4002542 0.4801843 -1 0.1870071 0.005297818
0.09855922 -0.3869509 0.444496 -1 0.2596442 -0.03351235
0.09855922 -0.3869509 0.444496 -1 0.2596442 -0.03351235
0.09378934 -0.3642831 0.4289666 -1 0.2297097 -0.1024641
0.1282129 -0.3952548 0.4675796 -1 0.2550015 -0.07225817
0.1318044 -0.3833123 0.4256255 -1 0.2563227 0.03398906
0.1305412 -0.4103389 0.4740157 -1 0.1802649 0.003728151
0.0884914 -0.2658473 0.3774898 -1 0.1457929 -0.03634763
0.1127147 -0.3677062 0.4032352 -1 0.2277579 0.04305786
0.1026309 -0.2880714 0.3808602 -1 0.1475568 -0.05621581
0.1250552 -0.3441916 0.4120061 -1 0.143338 -0.07590105
0.08876506 -0.2956313 0.3783401 -1 0.1350236 -0.07410261
0.08432268 -0.2891228 0.3519308 -1 0.1280158 -0.01987763
0.07550959 -0.2784652 0.338974 -1 0.1584761 -0.005599388
0.07590554 -0.2728861 0.2998959 -1 0.1857985 0.006789783
0.09801249 -0.3125614 0.4040519 -0.9889302 0.1749496 -0.01074624
0.1107647 -0.3336519 0.4296885 -1 0.2582601 0.05831293
0.1110892 -0.3442624 0.4287896 -1 0.2172523 -0.03879968
0.09689955 -0.3666401 0.4512345 -0.9759272 0.1820812 0.03645076
0.1229356 -0.3682732 0.4108042 -0.9306661 0.2198425 0.02526683
0.1411106 -0.3667628 0.4456739 -0.9437608 0.2333678 0.0192127
0.1632264 -0.4057155 0.467251 -0.9606417 0.1736054 0.00716596
0.2618865 -0.4918905 0.5416505 -0.6666736 0.1855371 -0.0007611925
0.1915611 -0.4968847 0.6056772 -0.906471 0.1722552 0.04855195
0.1831735 -0.4671825 0.5670899 -0.7323865 0.2061663 0.07404075
0.1301971 -0.5165827 0.5219203 -0.9282691 0.2043258 0.03712965
0.1729026 -0.6244377 0.667078 -0.980469 0.2094931 0.02109718
0.1485027 -0.6737406 0.5347984 -0.7336065 0.2912253 0.08008104
0.1687119 -0.7197877 0.5074362 -0.6302406 0.2566337 0.02868206
0.2830327 -0.7267333 0.6407713 -0.5740544 0.3055262 0.03306369
0.1826378 -0.6735059 0.4857698 -0.3788484 0.374428 0.07394713
0.1102522 -0.535387 0.4157961 -0.7061052 0.3822266 -0.04816551
0.1180251 -0.5127316 0.4083883 -0.6157243 0.534676 0.05301243
0.1270995 -0.4448466 0.480054 -0.7816213 0.5288092 -0.1201371
0.173484 -0.5738674 0.7004901 -1 0.4933164 -0.1471941
0.1624385 -0.6877318 0.6977677 -1 0.5090016 -0.1118064
0.4429477 -0.8139786 0.8660366 -0.9295531 0.5082569 -0.07466242
0.3816293 -0.7402817 0.7873119 -0.938795 0.5155643 -0.1041693
0.2927428 -0.6155937 0.6973456 -0.8068169 0.5646232 -0.1670471
0.1952152 -0.7666374 0.7774754 -1 0.4614616 -0.09787315
0.1893828 -0.7634788 0.707866 -0.8275892 0.4455117 -0.06799898
0.1528677 -0.7384194 0.5613139 -0.7138855 0.4936867 0.02429483
0.1446767 -0.6639703 0.449358 -0.5793016 0.5778359 0.002680732
0.1277316 -0.5424001 0.4417022 -0.4864073 0.5328006 -0.1396897
0.1716534 -0.6929141 0.652681 -0.7718766 0.316634 -0.1066644
0.1618088 -0.6003579 0.5553405 -0.8816831 0.3811303 -0.03876137
0.2071387 -0.5998606 0.6673671 -0.972384 0.3343433 -0.02990669
0.1436118 -0.5940564 0.6158621 -1 0.2363841 -0.1441709
0.1940952 -0.5992877 0.671898 -1 0.2459634 -0.06262618
0.1730115 -0.5576875 0.6301498 -1 0.2367719 -0.04627459
0.1985701 -0.5904814 0.5229662 -0.6209825 0.3132254 0.009034541
0.1736125 -0.4507862 0.4599018 -0.4869885 0.3277563 0.02994325
0.1508899 -0.3584832 0.3083247 -0.2676362 0.4023031 -0.03177952
0.1341192 -0.2835779 0.2375673 -0.378363 0.4259214 -0.05750535
0.1502971 -0.2739336 0.2419991 -0.3023823 0.3823822 -0.05961166
0.200548 -0.4108066 0.4203889 -0.3384488 0.2968771 -0.1326921
0.1842228 -0.3882775 0.23097 0.1342111 0.3476591 0.0801208
0.1819804 -0.3887809 0.2264563 0.1269811 0.3012554 0.08510119
0.153407 -0.3689044 0.1685945 0.1180576 0.3069424 0.0426845
0.1803098 -0.2611044 0.05674124 0.2539023 0.3272374 0.01667143
0.2028818 -0.1579542 0.05396046 0.4750707 0.3439582 0.03885805
0.04120178 -0.1031848 0.02383731 0.10987 0.4030563 0.02167376
0.04141466 -0.09405723 0.04470798 0.1241013 0.2772567 -0.03086143
0.232949 -0.1142933 0.1410125 0.2217804 0.2718276 0.02757057
0.03241569 -0.1003734 -0.07104319 0.1589488 0.2550346 0.03408497
0.2236426 -0.04030811 0.0566403 0.2336264 0.2542984 0.01948436
0.1372146 -0.2332264 0.1612715 0.1246654 0.2482982 0.0002150586
0.2000018 -0.234609 0.2599509 -0.05690698 0.271739 0.02565681
0.1690369 -0.2402592 0.2553645 -0.07901382 0.2336203 -0.01197585
0.1869279 -0.2030775 0.258612 -0.1133841 0.2701707 0.02350111
0.1772658 -0.2230119 0.2799225 -0.1282552 0.2707585 0.06746919
0.1989083 -0.2299932 0.2572795 -0.08887032 0.2865565 0.039507
0.1436038 -0.2956554 0.2350307 0.08293556 0.2770052 0.07281506
0.1525511 -0.2235059 0.2408675 -0.238621 0.294504 0.006851454
0.1130168 -0.2324827 0.3074431 -0.7198284 0.2214803 -0.09687726
0.1631624 -0.2735205 0.3228399 -0.3143895 0.2107315 -0.06775894
0.2348897 -0.369815 0.4446481 -0.2393631 0.2211884 0.0816401
0.1867951 -0.3762251 0.3875903 -0.3125474 0.2863206 -0.02934395
0.1553851 -0.4016389 0.4103565 -0.38715 0.4047884 -0.0591134
0.2329895 -0.4552953 0.4714608 -0.3441476 0.3365868 -0.0622982
0.1554272 -0.4714211 0.4895857 -0.502021 0.2638754 0.030794
0.2468606 -0.5086332 0.5189937 -0.4379171 0.2811626 0.04017138
0.1709997 -0.4176227 0.4662798 -0.8080544 0.2879585 -0.103127
0.1579577 -0.3899032 0.5002623 -0.7861248 0.2438995 -0.1284025
0.1788922 -0.4027404 0.5177019 -0.7019966 0.2441006 -0.1048185
0.1747366 -0.4681518 0.6103861 -0.7483053 0.1900134 -0.1088588
0.1458799 -0.4213675 0.5345265 -0.8106512 0.1881014 -0.1352632
0.1448905 -0.4252671 0.5973981 -0.8291245 0.1876943 -0.09762608
0.1231136 -0.434144 0.5761545 -0.7985642 0.1258902 -0.125788
0.1677056 -0.4415788 0.5593095 -0.8936953 0.2894562 -0.06433802
0.1650548 -0.3967887 0.5695637 -1 0.2393912 -0.0449948
0.1695083 -0.4407237 0.5893093 -0.9788653 0.1843199 -0.05227315
0.1665261 -0.533506 0.7153641 -1 0.1263062 -0.05567877
0.1379253 -0.4830346 0.6873245 -1 0.1728689 -0.04214848
0.1342338 -0.3982345 0.5551294 -1 0.08862527 0.01475718
0.09281794 -0.1700853 0.3411677 -0.8268789 0.0840981 -0.01636857
0.06522395 -0.1199635 0.2784554 -0.7599585 0.07235055 -0.003736327
0.091054 -0.09829164 0.2816339 -0.641288 0.1245214 0.0008229798
0.1205232 -0.1750988 0.3433751 -0.7582065 0.04799877 -0.04275209
0.06499075 -0.07311535 0.2322118 -0.7195968 0.1089477 -0.02724703
0.05266878 -0.02531763 0.2274978 -0.836845 0.07054449 -0.08777396
0.08901135 -0.1288587 0.3060979 -0.8447978 0.07710207 -0.0723912
0.1132508 -0.0997284 0.2914805 -0.8108572 0.08411264 -0.04427916
0.06571883 -0.07201829 0.392491 -1 0.08123289 -0.05898493
0.1872393 -0.1656389 0.5181652 -1 0.05948606 -0.09252834
0.1184328 -0.3023956 0.5281588 -1 -0.03222802 -0.02520208
0.1012822 -0.2728208 0.5648652 -1 -0.0153532 -0.08864854
0.04904789 -0.09949059 0.3870819 -1 0.1083977 -0.08333667
0.09310781 -0.1813483 0.4929474 -1 -0.04356632 -0.03003766
0.07687052 -0.1759657 0.485639 -1 -0.06359227 -0.02892317
0.09719077 -0.1519635 0.5253505 -1 -0.001009338 -0.07429968
0.1287508 -0.2345396 0.7003021 -1 -0.01485672 -0.05487614
0.1571961 -0.3656622 0.6319706 -1 0.009113892 0.009184022
0.1417977 -0.3299275 0.3676185 -0.7189664 0.1210288 0.06292864
0.1986526 -0.4151179 0.545985 -0.675467 0.08675703 0.05989892
0.219967 -0.4205178 0.5671682 -0.8858331 0.1059357 0.09222558
0.209012 -0.4675754 0.6080388 -1 0.09266938 0.1197941
0.2906879 -0.3778755 0.5922188 -0.7991504 -0.01813683 0.08153708
0.3834729 -0.3559427 0.5003819 -0.450165 -0.003884026 0.1053773
0.3592586 -0.3175416 0.4210901 -0.2664083 0.03923597 0.1016303
0.3451635 -0.3185849 0.3938566 -0.3018653 0.06419125 0.1362976
0.3924042 -0.3316755 0.3760957 0.07813625 0.08677039 0.1388113
0.3540059 -0.3324013 0.3843406 0.1759937 0.05953537 0.1214123
0.2667843 -0.3487946 0.347847 0.1458013 0.1310074 0.1445426
0.2345073 -0.4678843 0.3480881 0.01711191 0.1034003 0.104361
0.157047 -0.4786167 0.2944399 -0.2413227 0.211576 0.1148254
0.2268974 -0.6550015 0.4588114 -0.4415897 0.1088718 0.1281603
0.217379 -0.6479071 0.4192925 -0.5011854 0.1411055 0.1763924
0.1938038 -0.6531546 0.4315389 -0.531767 0.1675626 0.1361844
0.211062 -0.6264529 0.5262927 -0.7200297 0.1877237 0.1353993
0.1876615 -0.618335 0.5989135 -0.8970194 0.1350927 0.1367644
0.1944082 -0.6717314 0.6296478 -1 0.1410603 0.1492772
0.2214355 -0.6789571 0.6392405 -0.8832551 0.1551017 0.1357565
0.2122334 -0.6443897 0.5990967 -0.9482107 0.1204751 0.08688487
0.1843191 -0.5556423 0.5696269 -1 0.1090607 0.1217668
0.1906282 -0.5971137 0.6299022 -0.9854859 0.1652198 0.1650829
0.1906282 -0.5971137 0.6299022 -0.9854859 0.1652198 0.1650829
0.1984041 -0.5885939 0.67555 -1 0.08246552 0.125906
0.1922465 -0.641035 0.7181287 -1 0.05424168 0.10772
0.1778421 -0.6365693 0.671949 -1 0.0714175 0.1488651
0.1725506 -0.612312 0.6749159 -1 0.0471675 0.1075886
0.1725506 -0.612312 0.6749159 -1 0.0471675 0.1075886
0.1542774 -0.5207196 0.5743325 -1 0.0677