0.342592 -0.7734975 0.7303299 -0.4731647 0.1843724 0.05438956
0.2971517 -0.6670591 0.4170107 0.1324412 0.3103102 0.05695358
0.3270453 -0.6985499 0.5507112 -0.1593617 0.2051848 0.05749624
0.3044102 -0.7089685 0.4302009 0.05187668 0.218458 0.02121945
0.386306 -0.7263831 0.5847006 0.02360554 0.1601005 0.04983556
0.3909265 -0.6913549 0.6656571 -0.16288 0.1799385 0.02064718
0.3307493 -0.6991306 0.7028968 -0.4535822 0.1395328 0.0383775
0.3158561 -0.7305917 0.6444131 -0.3949013 0.1813631 0.02964561
0.2918314 -0.7051083 0.6207476 -0.4674476 0.2278464 -0.0351473
0.3058855 -0.6789067 0.6183736 -0.3303267 0.151602 -0.1179301
0.3418975 -0.6631132 0.6605926 -0.4081877 0.2276422 -0.06822547
0.2997528 -0.6939898 0.638943 -0.4744485 0.2908967 -0.07040611
0.279635 -0.6203836 0.6546115 -0.5697227 0.1785754 -0.09886463
0.2707219 -0.6355194 0.5941945 -0.4158051 0.1979011 -0.1051361
0.2738238 -0.6149577 0.6665812 -0.5818852 0.1842839 -0.06319398
0.2848329 -0.629104 0.6894324 -0.6175563 0.147382 -0.09712603
0.3199568 -0.7536151 0.747517 -0.4457327 0.1068286 -0.05430591
0.3420207 -0.8749898 0.7763546 -0.3819937 0.1180538 -0.01045681
0.2861412 -0.6529675 0.7182141 -0.6471736 0.1078229 -0.06788678
0.3163608 -0.74314 0.7906145 -0.717195 0.1176532 -0.07269037
0.4365223 -0.7584684 0.9559265 -0.7591372 0.09502276 -0.106568
0.2726826 -0.6570842 0.686929 -0.6972914 0.2061825 -0.0850263
0.2931415 -0.6574175 0.7289075 -0.6854163 0.1562346 -0.09109969
0.301716 -0.791396 0.7353802 -0.5277204 0.1219666 -0.05283882
0.2836492 -0.7592997 0.6343794 -0.5179922 0.09644362 -0.05143343
0.3162149 -0.7597599 0.5181556 -0.09389317 0.2087327 -0.01469889
0.3057041 -0.6848878 0.648808 -0.3518281 0.2001266 -0.01283568
0.3671681 -0.7070877 0.6830696 -0.1882481 0.1469174 -0.005140751
0.3387432 -0.7861018 0.7690315 -0.4639725 0.1306005 0.043215
0.314726 -0.7851095 0.8067101 -0.638927 0.07281385 0.03863777
0.2966283 -0.7367613 0.7427326 -0.6673293 0.1171234 0.04046529
0.3139302 -0.7073556 0.505861 -0.04970637 0.1635076 0.09629412
0.3202069 -0.6449234 0.5352558 -0.09023611 0.1498812 0.06706183
0.3499256 -0.7420729 0.5092547 0.1407729 0.2271027 0.1430295
0.3146633 -0.7280521 0.4373662 0.07487793 0.2579636 0.1522101
0.3342508 -0.6307471 0.4460631 0.2225985 0.2039731 0.1252074
0.3487363 -0.6113656 0.39285 0.3573288 0.2459044 0.104657
0.3097533 -0.6001651 0.330015 0.3266356 0.2074982 0.08438505
0.3344799 -0.5827015 0.2842471 0.4969537 0.1431597 0.0343617
0.3466945 -0.67477 0.3551681 0.4903821 0.1771356 0.08341843
0.3538608 -0.6047779 0.1738281 0.6208743 0.2229913 0.08137897
0.388285 -0.7178742 0.3182443 0.5881168 0.3325348 0.1078908
0.3709292 -0.7145901 0.344602 0.4426009 0.3586838 0.06145621
0.34231 -0.7348445 0.3530041 0.4997421 0.4026363 0.03939553
0.3449062 -0.6983953 0.2492684 0.5572705 0.4460962 0.04879733
0.3821412 -0.723352 0.2672821 0.6795164 0.3899039 0.04863365
0.3763243 -0.7155355 0.2606971 0.6420716 0.4756547 0.05080899
0.3980447 -0.7408473 0.3070092 0.5636771 0.5110473 0.01640356
0.3994058 -0.748994 0.3449332 0.5178698 0.5521196 0.07039716
0.4351756 -0.7407639 0.2974704 0.5857145 0.5325783 -0.004486303
0.3282406 -0.7682943 0.8086781 -0.6690377 0.4844826 -0.03656347
0.4756679 -0.7409711 1 -0.528929 0.400338 -0.1248451
0.4632252 -0.7313834 0.9840829 -0.7701405 0.3600146 -0.1650335
0.4268351 -0.700545 0.954033 -0.9079001 0.404568 -0.1034095
0.3356743 -0.6890696 0.9446259 -0.9908323 0.306492 -0.1915365
0.3114862 -0.5244536 0.8427359 -0.9031678 0.4045281 -0.1665652
0.2521056 -0.5725059 0.8505431 -0.9778928 0.4285209 -0.1179146
0.2525635 -0.6140646 0.8470182 -1 0.4357785 -0.132311
0.249982 -0.5945184 0.8540493 -1 0.3794545 -0.1388369
0.2747192 -0.7270668 0.8979676 -0.9857731 0.3928075 -0.1259339
0.2498876 -0.7294607 0.8294498 -0.9667994 0.3835699 -0.0772814
0.2835513 -0.7482871 0.8433939 -0.7782218 0.348523 -0.1154077
0.348937 -0.8709673 0.9264343 -0.8628355 0.3217666 -0.02443685
0.3410999 -0.7916709 0.8652282 -0.8435174 0.322233 -0.1232215
0.3287213 -0.8275681 0.9126783 -0.8761976 0.3162238 -0.1200866
0.3269504 -0.7610078 0.9044212 -0.9639685 0.3280168 -0.08615725
0.3188745 -0.7263816 0.8968234 -0.9131533 0.2398799 -0.2190142
0.2971798 -0.7229854 0.8978175 -1 0.2587934 -0.2027237
0.3390835 -0.6967858 0.9004202 -0.9308425 0.3224459 -0.1895425
0.2979453 -0.710385 0.8575045 -0.9823611 0.311767 -0.1828841
0.2689026 -0.6671655 0.8676288 -0.9304757 0.3267832 -0.2315119
0.3129842 -0.7062768 0.9170095 -0.9467002 0.299152 -0.1903698
0.2883478 -0.6575373 0.8417776 -0.9247686 0.3287329 -0.2728252
0.231155 -0.6222681 0.7468497 -0.9612412 0.3267595 -0.2849891
0.3376624 -0.7452292 0.8564547 -0.7991905 0.2933599 -0.1720467
0.3583722 -0.899384 0.8965287 -0.5457456 0.3311332 -0.1179186
0.36024 -0.9339348 0.9253137 -0.5469121 0.3344679 -0.0891886
0.4031972 -1 0.9692575 -0.280754 0.3242909 -0.2255623
0.3359306 -0.8595791 0.6690074 -0.09315825 0.5069708 -0.2428815
0.3353885 -0.9482 0.7090942 -0.1013856 0.5719576 -0.1575494
0.3257535 -0.9510173 0.5988629 0.05731869 0.5050208 -0.07754786
0.3380141 -0.9818476 0.6745217 0.1473356 0.4538 -0.1241921
0.3740791 -1 0.7120854 0.04070023 0.4450307 -0.1600668
0.3265102 -1 0.47752 0.3471137 0.6036707 -0.1248158
0.3367206 -1 0.4636867 0.6204135 0.6181149 -0.04480638
0.5643004 -0.9975695 0.7457762 0.4207932 0.5269492 -0.1170224
0.5422148 -1 0.8574402 -0.2453788 0.5320805 -0.1631602
0.5597664 -1 0.9804088 -0.3285885 0.486119 -0.1661396
0.3590276 -1 0.8722312 -0.5880763 0.4686792 -0.1518509
0.4792365 -1 1 -0.8400774 0.4971609 -0.1670211
0.5443303 -1 1 -0.9413755 0.5119261 -0.2489919
0.59456 -1 1 -0.9807246 0.5596992 -0.2807541
0.4164974 -1 1 -1 0.5043133 -0.2935826
0.381864 -1 1 -1 0.4653618 -0.2195568
0.3229856 -1 0.9506819 -0.6326571 0.4948512 -0.1743676
0.5316291 -1 1 -0.691442 0.4524732 -0.2089644
0.3892496 -1 1 -0.8692328 0.5619717 -0.1636539
0.3615665 -1 0.9284481 -0.4529666 0.4911984 -0.2802161
0.5144782 -1 1 -0.991249 0.5286496 -0.2825952
0.4090341 -1 1 -0.9193316 0.5647694 -0.2980711
0.4029375 -1 1 -0.8531901 0.4225835 -0.2337691
0.3716792 -1 1 -0.8170775 0.4792734 -0.1881423
0.3783867 -1 1 -0.7629987 0.444144 -0.1927321
0.3668594 -1 0.9625087 -0.6053017 0.4493654 -0.1590731
0.4278215 -1 1 -0.6274048 0.3813598 -0.2266727
0.4291568 -1 0.9898549 -0.6230379 0.4828838 -0.1917483
0.3706295 -1 0.9910646 -0.8101947 0.4235218 -0.1831635
0.4261183 -1 1 -1 0.3901409 -0.2302549
0.3762947 -1 1 -1 0.3977961 -0.1726608
0.35928 -1 1 -1 0.4117036 -0.1729307
0.2736668 -0.9762391 0.7938561 -0.4959564 0.297941 -0.1936696
0.354362 -1 0.8873617 -0.4944393 0.3019122 -0.148392
0.3071508 -1 0.9878869 -0.6774611 0.244636 -0.09870759
0.3064875 -1 0.9257201 -0.5889901 0.2316162 -0.04820425
0.2995667 -1 0.8330472 -0.3969206 0.2835949 -0.0683497
0.314003 -1 0.7930378 -0.2887306 0.2032559 -0.1020912
0.2843606 -0.9671469 0.7237227 -0.2012053 0.2521628 -0.07457789
0.2696157 -0.9354069 1 -1 0.3007761 -0.03915105
0.3385898 -1 1 -0.8007613 0.2384247 -0.0318094
0.3160068 -0.9931582 1 -0.9131713 0.2073073 -0.05719928
0.3233017 -0.9745478 1 -0.9883146 0.07023714 -0.1262924
0.3160173 -1 1 -1 0.08902426 -0.07443538
0.3116894 -0.9936853 1 -1 0.1064554 -0.0441722
0.2616762 -0.9173014 1 -1 0.1283067 -0.0240662
0.2811159 -0.9298645 1 -1 0.1063448 -0.03367467
0.3270651 -0.9413188 1 -0.997938 0.1355023 -0.07840786
0.3192405 -0.9577047 1 -1 0.12582 -0.02246389
0.3144021 -0.9595296 1 -1 0.08981955 -0.121041
0.3181663 -1 1 -1 0.05884749 -0.1015459
0.3068002 -0.9596025 1 -1 0.09539344 -0.09379602
0.2827419 -0.894994 1 -1 0.1369994 -0.1246881
0.3076155 -0.9111136 1 -1 0.05067541 -0.03007536
0.3093821 -0.927318 1 -1 0.1665373 -0.02969483
0.3181394 -0.9341173 1 -1 0.1665032 0.005149398
0.272519 -0.9366316 1 -1 0.07061566 -0.02008842
0.3772376 -0.8703966 1 -1 0.2012114 -0.0309409
0.3489748 -0.8638762 1 -1 0.08297612 -0.04635279
0.3489748 -0.8638762 1 -1 0.08297612 -0.04635279
0.2861489 -0.8208751 1 -1 0.2047 -0.2157302
0.290457 -0.742537 1 -1 0.2694845 -0.1053405
0.4297852 -0.748957 0.947256 -0.4971305 0.09308112 -0.1170978
0.3408593 -0.8021217 0.8372215 -0.5335255 0.2146043 -0.07408911
0.3092136 -0.7598345 0.8844272 -0.6349686 0.2280012 -0.05309249
0.3105987 -0.7692273 0.9063646 -0.8785628 0.208011 -0.06843239
0.2746067 -0.6016636 0.8674106 -0.9257612 0.1456489 -0.1993994
0.3174266 -0.5902429 0.9021179 -0.7646089 0.1163226 -0.1464951
0.249144 -0.6141858 0.7771864 -1 0.1631905 -0.1290458
0.2774849 -0.5377958 0.7582793 -0.8508186 0.002360216 -0.174473
0.3109539 -0.6592125 0.8726893 -1 0.09144913 -0.1416345
0.3053406 -0.6771686 0.801104 -1 0.07901272 -0.1303987
0.3081331 -0.7915877 0.8993548 -0.7568366 0.1053542 -0.05099307
0.2933453 -0.8041003 0.7695379 -0.3962646 0.1422107 -0.05253762
0.3122853 -0.8566754 0.7260414 -0.4180155 0.1427171 -0.06693786
0.2790448 -0.7489666 0.5895417 -0.3555206 0.1360983 -0.06789299
0.2347454 -0.6547912 0.6080008 -0.5533485 0.1084199 -0.1051695
0.1907633 -0.4553882 0.466721 -0.5114121 0.1225262 -0.1307197
0.2608993 -0.532413 0.5500757 -0.292805 0.09512344 -0.06428133
0.2314212 -0.5702071 0.5237007 -0.5620906 0.05799581 -0.07437445
0.26297