0.2961684 -0.5461068 0.1056372 0.6532585 0.1207501 -0.02561618
0.2882117 -0.5521526 0.08556813 0.6510173 0.08639263 -0.05162677
0.3276741 -0.5968435 0.1645607 0.5270284 0.1120363 -0.1125866
0.3053893 -0.5427054 0.2104572 0.551857 0.203626 -0.06076799
0.2915945 -0.5693574 0.1696013 0.6310738 0.1683203 -0.04799183
0.3182703 -0.5562081 0.2116138 0.5915264 0.199761 -0.01528825
0.3236594 -0.5773354 0.2479909 0.5457182 0.1440091 -0.01749047
0.2929858 -0.5197417 0.1928947 0.5420502 0.1624776 -0.08876736
0.2740486 -0.5211924 0.1971726 0.5355063 0.1937253 -0.01496751
0.3248082 -0.6615429 0.3267216 0.4312469 0.1305728 -0.04886869
0.3172918 -0.6316586 0.4832541 -0.0570922 0.1099444 -0.09472103
0.3110859 -0.6751145 0.4501958 -0.03810829 0.06127385 -0.08577305
0.2950544 -0.6642108 0.4284574 -0.02306058 0.1001519 -0.1146153
0.28314 -0.5987484 0.5353894 -0.2795344 0.111145 -0.1065577
0.2965576 -0.6984324 0.590106 -0.2673758 0.1042814 -0.06859548
0.2900383 -0.6797147 0.4450061 0.08894953 0.1526541 -0.08097997
0.3190378 -0.7409378 0.4727303 0.07739088 0.1244109 -0.06223199
0.2996955 -0.7024801 0.5191313 -0.03035936 0.2176514 -0.05196926
0.3252509 -0.7089099 0.6176559 -0.1195265 0.1823413 -0.03061684
0.3084641 -0.7481268 0.6366155 -0.208777 0.1846732 -0.03845614
0.3154956 -0.7971612 0.768971 -0.6381205 0.1632511 0.005135901
0.323402 -0.8442574 0.7699274 -0.5767048 0.144298 -0.03543793
0.3094105 -0.8217893 0.7272474 -0.5325731 0.1213712 -0.07321139
0.3183666 -0.7998911 0.6228284 -0.2895809 0.1596778 -0.01363409
0.3139099 -0.8282111 0.6787614 -0.4286591 0.1445358 -0.06402656
0.3111616 -0.7978008 0.6137818 -0.3211139 0.1808222 -0.1345017
0.288252 -0.7032648 0.5966166 -0.35107 0.09362818 -0.1041567
0.3049147 -0.702166 0.5652605 -0.3552063 0.1035372 -0.07604054
0.3108744 -0.7333737 0.4074205 0.2674314 0.2073969 0.009799687
0.333584 -0.6928716 0.2752152 0.5520658 0.1377325 -0.06914527
0.3443683 -0.6372321 0.1832148 0.7220245 0.1947519 -0.04375983
0.330703 -0.6676263 0.2295412 0.6053864 0.1811353 -0.02331409
0.3606897 -0.6150588 0.1002193 0.7986181 0.2197548 -0.006764521
0.3288077 -0.6252176 0.1431304 0.6799995 0.1919368 -0.08369708
0.3036564 -0.5781226 0.2177313 0.585045 0.2356728 -0.02753521
0.3022547 -0.5688298 0.1916673 0.544788 0.1758131 -0.03529524
0.2983108 -0.5892373 0.2819513 0.5608597 0.1408125 -0.1180539
0.3113222 -0.5847382 0.15482 0.5957693 0.2272358 -0.09018938
0.3233115 -0.6260948 0.2038097 0.5934418 0.2098793 -0.07122871
0.3297369 -0.6546533 0.3111478 0.4984947 0.1166783 -0.03305992
0.3285935 -0.7380079 0.1645774 0.700322 0.1759546 0.003664026
0.3107983 -0.6797844 0.1400221 0.668039 0.1976114 -0.03021875
0.3217046 -0.5808278 0.2120389 0.6214287 0.2209355 -0.04150803
0.3631711 -0.6036443 0.1161583 0.7023841 0.1793974 0.008323085
0.3754337 -0.6105274 0.1124153 0.7708519 0.1929305 0.01270062
0.3183412 -0.5588716 0.108433 0.5686534 0.198337 -0.01648661
0.3638239 -0.5733444 0.1906705 0.6875756 0.2511165 0.02687793
0.3379273 -0.5376073 0.1754555 0.7126493 0.2417306 -0.05610274
0.3292614 -0.5321444 0.2162691 0.6400283 0.1861138 -0.04915379
0.3351803 -0.5316031 -0.06301479 0.8338289 0.2058153 -0.05252202
0.2979868 -0.5944123 0.1771954 0.6148533 0.3107437 -0.05754555
0.330094 -0.5979248 0.1922509 0.5991859 0.1647878 -0.1172879
0.3346402 -0.6403207 0.177259 0.7118535 0.2173483 -0.05168791
0.3661654 -0.6879252 0.1334809 0.7180001 0.2001609 -0.05850631
0.3403749 -0.668129 0.2751734 0.5268984 0.1965695 -0.08877295
0.3448269 -0.6721414 0.3051678 0.4857895 0.2061399 -0.07430615
0.3657995 -0.6781181 0.2554044 0.5105799 0.2302894 -0.02080884
0.3543872 -0.6691009 0.2008711 0.5800793 0.1713509 -0.01303675
0.3516159 -0.6389407 0.30913 0.4986328 0.1877105 -0.05460945
0.3578136 -0.6408356 0.3200615 0.5419811 0.1589275 -0.06313917
0.3476294 -0.6566398 0.3262591 0.4679235 0.1621765 -0.05507528
0.3553123 -0.6422746 0.373282 0.5405582 0.1835762 -0.04504539
0.3574439 -0.6351168 0.2904527 0.6509479 0.1978309 -0.004950387
0.3436902 -0.6441875 0.2259658 0.663227 0.1988751 -0.03089401
0.3509873 -0.6260029 0.1641985 0.5328837 0.2451145 -0.03271883
0.3581809 -0.691749 0.355026 0.6826248 0.2123791 -0.03130689
0.333487 -0.6063837 0.1925251 0.6553851 0.2540925 -0.1268671
0.2684273 -0.4958536 0.3757263 0.1072918 0.4323375 -0.1615893
0.3650424 -0.4248523 0.314427 0.3279198 0.5216055 -0.1814521
0.3010314 -0.5781354 0.5257727 -0.1457313 0.4171173 -0.2085852
0.428083 -0.8300568 0.5157697 0.3106696 0.4421422 -0.1788645
0.4176836 -0.7868516 0.318461 0.7675519 0.4500819 -0.1848718
0.4227724 -0.7722021 0.2623091 0.761384 0.4116128 -0.1902799
0.4379827 -0.7797497 0.4106655 0.6094757 0.4329693 -0.1554786
0.3790095 -0.8484845 0.414803 0.4961073 0.3645909 -0.1766244
0.4003027 -0.8403953 0.4925494 0.3752753 0.3618164 -0.1581796
0.4294298 -0.7960654 0.3914048 0.5790712 0.3497388 -0.1717479
0.4383959 -0.780058 0.3786079 0.6527801 0.3585738 -0.1230205
0.3852841 -0.8424226 0.4081586 0.6128353 0.311134 -0.1279448
0.4077696 -0.8192968 0.5730729 0.2602541 0.2981428 -0.08610705
0.4269232 -0.8366738 0.6511474 0.05851625 0.2522019 -0.1723501
0.419313 -0.8441323 0.5944895 0.3381609 0.300631 -0.131686
0.3928869 -0.8537362 0.5451623 0.4253608 0.2947571 -0.2005779
0.3875622 -0.8569177 0.4788371 0.4187326 0.3442946 -0.1502601
0.3749575 -0.8780404 0.4996904 0.4509723 0.272529 -0.1414785
0.371163 -0.8833838 0.5252277 0.419607 0.2369538 -0.1441495
0.3948404 -0.8665565 0.5579271 0.3117366 0.2377404 -0.1532191
0.4035629 -0.935205 0.8238304 -0.06350037 0.1566275 -0.1376786
0.4007852 -1 0.9852553 -0.4360897 0.1243733 -0.1667122
0.4514605 -1 0.9038453 -0.2313355 0.157088 -0.1483129
0.3990579 -0.9938811 0.8374522 -0.2686271 0.1512391 -0.1752888
0.4250005 -0.9987639 0.8416994 -0.225058 0.2093031 -0.1677824
0.4103822 -1 0.8475004 -0.07681812 0.1700945 -0.1080412
0.4432333 -1 0.7603087 0.108321 0.1752403 -0.0724313
0.4033589 -1 0.7393668 0.1446259 0.1576839 -0.1184516
0.4249432 -1 0.926356 -0.2038319 0.2288262 -0.07958788
0.4396541 -1 0.8876333 -0.09879238 0.1612295 -0.09490332
0.4611969 -1 0.8912091 -0.0007090494 0.2860966 -0.03370979
0.3578475 -0.9847394 0.9199617 -0.3247617 0.2522586 -0.1326005
0.2959093 -0.935464 0.8606678 -0.4386852 0.1705512 -0.1513434
0.3135414 -0.8918326 0.7202665 -0.1015618 0.2287888 -0.2074241
0.3595732 -0.9349113 0.8638256 -0.3549338 0.1807984 -0.2413083
0.3608559 -0.9933907 0.9014248 -0.625934 0.1720353 -0.2424416
0.370571 -0.9980161 0.7670489 -0.3204916 0.2666419 -0.121276
0.4049195 -1 0.7417378 -0.1272972 0.2735215 -0.1424243
0.4495603 -1 0.8396652 -0.0724363 0.2700806 -0.1356523
0.408795 -1 0.6771308 0.2798221 0.2534578 -0.02597802
0.4215555 -1 0.6539842 0.3026702 0.1808794 -0.08498553
0.3784064 -1 0.702329 0.132119 0.0805221 -0.08682943
0.4140937 -1 0.8093489 -0.005286788 0.1101984 -0.1128792
0.5261385 -0.9687275 0.6673172 0.5000307 0.1812305 -0.0768201
0.3976348 -0.9876354 0.6458446 0.227879 0.1490016 -0.02648588
0.3887133 -0.9277218 0.5872769 0.2731448 0.07034323 -0.1027748
0.4195079 -0.9618418 0.6471829 0.2274124 0.133245 -0.008609604
0.3872089 -0.8457745 0.6662751 -0.06912477 0.1905097 -0.02682946
0.4485967 -0.8021992 0.6654404 0.1680303 0.1211059 -0.05426399
0.4209176 -0.9105963 0.7143119 0.04565058 0.07884192 0.008573311
0.4085572 -0.9102372 0.6905529 0.0002914481 0.09700236 -0.007946852
0.3966287 -0.9447132 0.7371562 -0.1402962 0.101516 -0.02664201
0.3959688 -0.928593 0.7875026 -0.2388255 0.1133816 -0.01492402
0.3637808 -0.870073 0.793688 -0.4432082 0.08152204 -0.04346225
0.4110112 -0.9179288 0.8917994 -0.5003629 0.1619405 0.02783778
0.3639127 -0.845688 0.8229064 -0.657981 0.1859457 0.002555229
0.3693212 -0.8639497 0.8077866 -0.6164659 0.1742967 -0.02666178
0.3790796 -0.8754939 0.8693286 -0.6722489 0.1185521 -0.06777865
0.4138416 -0.8920303 0.9888307 -0.8200191 0.106675 -0.04774567
0.4094413 -0.9105463 1 -0.8656386 0.1514566 -0.0244256
0.4254647 -1 1 -0.9707003 0.1064676 -0.07670768
0.400656 -0.9966024 0.9772617 -0.8019164 0.08819228 -0.1138477
0.3947792 -1 0.9730812 -0.7613653 0.2031685 -0.1312532
0.3931209 -1 1 -0.9010462 0.1283616 -0.1654209
0.4282559 -0.9972702 1 -0.8824358 0.08078134 -0.1426138
0.4127122 -1 1 -0.80705 0.0790056 -0.1495209
0.3895045 -1 1 -0.702293 0.1450946 -0.1876064
0.3921965 -1 0.9700505 -0.448683 0.1591711 -0.1628653
0.3908814 -1 0.9426598 -0.5664153 0.193004 -0.190982
0.3881317 -1 0.9710276 -0.5881178 0.2125073 -0.1311694
0.387738 -1 0.9696273 -0.5646945 0.1919699 -0.1224183
0.4440639 -0.997516 1 -0.5770267 0.156896 -0.2054869
0.4724753 -1 1 -0.410433 0.2085051 -0.1131053
0.4648336 -1 1 -0.3946867 0.2218977 -0.06715944
0.4714042 -1 1 -0.6712524 0.2709045 -0.1248501
0.466884 -1 1 -0.8390507 0.1863147 -0.08321399
0.4487682 -1 1 -0.7680427 0.1914261 -0.0942208
0.4359339 -1 1 -0.7156966 0.1813844 -0.06561071
0.329284 -0.9032351 0.8858237 -0.7262028 0.1038466 0.003503137
0.3322311 -0.7046247 0.8842493 -1 0.1700269 -0.06731479
0.2996851 -0.7710354 0.8928185 -1 0.1201348 -0.2061068
0.2758826 -0.8347629 1 -1 0.2145538 -0.157829
0.2856588 -0.7825083 0.9688013 -1 0.1155583 -0.0837507
0.3395963 -0.8615892 0.9159592 -0.8287088 0.1404808 -0.1030113
0.423301 -1 0.9378382 -0.370061 0.1426762 -0.08768585
0.3817375 -1 0.7904319 -0.0386348 0.1766049 -0.05374815
0.426428 -1 0.8062019 -0.2119526 0.2423947 -0.08730081
0.3708347 -1 0.8222594 -0.4091683 0.2338471 -0.08547751
0.3895465 -1 1 -0.6847739 0.2573985 -0.09059645
0.3829151 -1 1 -0.9151187 0.1250224 -0.08358151
0.342904 -1 1 -0.9865368 0.1753891 -0.05936656
0.4092782 -0.9320688 1 -0.6797319 0.2526107 -0.1200728
0.3370831 -0.9699995 1 -0.8681481 0.2066371 -0.1835128
0.3101762 -0.9531208 1 -0.8445655 0.2449759 -0.1608075
0.3638484 -1 1 -1 0.298196 -0.1436751
0.3401425 -0.9767261 1 -0.9999861 0.2460065 -0.2205464
0.3564122 -0.957387 1 -0.6355523 0.2778809 -0.2142071
0.4261451 -0.996309 1 -0.6185876 0.2981148 -0.2071229
0.3856137 -0.9962386 1 -0.8414418 0.3528662 -0.1309049
0.3960183 -1 1 -0.9265153 0.3068691 -0.1852542
0.3693061 -0.9745753 1 -0.8934154 0.2557296 -0.158121
0.390617 -0.9804868 1 -1 0.2198311 -0.2522555
0.3447167 -0.9905971 1 -1 0.2111374 -0.2329731
0.3016736 -0.8965578 1 -0.979549 0.1872015 -0.2442039
0.288783 -0.9494034 1 -0.9660112 0.1921648 -0.1975131
0.3167519 -0.8865686 1 -0.9800461 0.1508251 -0.2365877
0.2933989 -1 1 -1 0.1130371 -0.1898669
0.2934887 -0.9710617 0.9976649 -1 0.1833942 -0.1709484
0.296532 -0.924181 1 -1 0.1619508 -0.2070851
0.3330998 -0.9558393 1 -1 0.1630749 -0.1517153
0.3874166 -1 1 -0.9410885 0.1435678 -0.145281
0.3825373 -1 1 -0.7278803 0.1764001 -0.105074
0.3973243 -1 0.8267267 -0.3713878 0.2171207 -0.1070849
0.3800013 -1 0.8545564 -0.4521816 0.250199 -0.08252793
0.3672166 -0.9990922 0.9052667 -0.7426871 0.1443926 -0.08919276
0.3707085 -1 0.8309368 -0.663114 0.13839 -0.06910411
0.3981058 -0.9996245 0.8096306 -0.4438117 0.1385602 -0.08931295
0.384713 -1 0.8242846 -0.3674384 0.09951965 -0.1161927
0.3557017 -0.9841776 0.6641656 -0.1407079 0.1834753 0.007253516
0.3583992 -0.9757866 0.7064874 -0.1211502 0.1886894 -0.03659841
0.3753981 -0.9832164 0.6687506 0.03192258 0.131005 -0.05596441
0.3595095 -0.919456 0.7248744