0.319456 -0.7837257 0.1784324 0.8046576 0.1228501 0.1685193
0.3218229 -0.6988983 0.1546384 0.7837059 0.1283392 0.1456518
0.3144647 -0.6825903 0.1696276 0.7218394 0.1306044 0.09800219
0.3150446 -0.6958023 0.1638256 0.7782035 0.09870269 0.0503232
0.3108397 -0.6907697 0.1730181 0.7512077 0.1105827 0.04119226
0.2937564 -0.642262 0.06963535 0.8491539 0.1523998 0.01417223
0.3059406 -0.7757083 0.2221797 0.6146936 0.1322017 0.0222575
0.3068657 -0.7592246 0.2654507 0.4888007 0.1339622 0.01902586
0.3310422 -0.8560422 0.3794 0.4424535 0.1270434 0.04768221
0.2966706 -0.8619221 0.4011113 0.1601632 0.1016844 0.01301607
0.2986444 -0.8370871 0.4377795 0.07965695 0.0907191 0.01889974
0.291916 -0.7983727 0.2869045 0.2625057 0.1365321 0.04447447
0.3062911 -0.8299024 0.2621464 0.4917917 0.1720144 0.07726815
0.3054912 -0.7656998 0.2731123 0.4641396 0.1669538 0.07511323
0.3157263 -0.7755203 0.2145446 0.5661903 0.2857948 0.09102503
0.2951108 -0.7343222 0.2019764 0.7538833 0.2531289 0.09378391
0.3166215 -0.8212032 0.31664 0.5254061 0.2226467 0.08986163
0.3078887 -0.7493583 0.2258665 0.5966738 0.1941644 0.07387299
0.2925596 -0.6986652 0.1881772 0.5939515 0.2866899 0.004841014
0.3321684 -0.7801265 0.3960439 0.2317838 0.2618097 0.06912526
0.288013 -0.7584482 0.2193863 0.6046886 0.2293573 0.03981847
0.2862414 -0.7603714 0.2585818 0.5328367 0.2351779 0.0511319
0.2985691 -0.8651251 0.4748611 0.01676198 0.1948136 0.009215139
0.3233371 -0.9010316 0.5381374 -0.08827695 0.2856163 0.07627473
0.3751144 -0.9198123 0.8428295 -0.5094197 0.304219 0.01351959
0.4334872 -1 1 -0.7341003 0.2351759 0.005444292
0.3222182 -0.9927728 1 -0.8960912 0.2146955 -0.02527658
0.3636283 -1 1 -0.9147223 0.2317298 0.01058252
0.3445639 -1 0.9950016 -0.860803 0.1387405 0.04124995
0.3585879 -1 0.9810363 -0.8232233 0.1803251 0.04551804
0.3327403 -1 0.7955027 -0.4647946 0.1022561 0.02784826
0.3489486 -1 0.8937351 -0.5190902 0.1198353 0.05935161
0.3321614 -1 0.9984998 -0.8997052 0.1563535 0.07646405
0.3151167 -0.9911756 0.9787375 -0.8874669 0.173381 0.06328785
0.353467 -1 1 -1 0.1328249 0.09428407
0.3392379 -1 1 -1 0.1108513 0.06667276
0.3395498 -1 1 -1 0.07927775 0.07150868
0.3366472 -1 0.978083 -0.8337626 0.1013368 0.08051236
0.3581864 -1 0.992806 -0.9077656 0.07852772 0.03229978
0.3514442 -1 1 -0.9332039 0.1143056 0.08722345
0.3870373 -1 0.9889433 -0.8634444 0.1473964 0.1201775
0.461021 -1 1 -0.9548824 0.1986375 0.03676159
0.3874408 -1 0.9725565 -0.8738909 0.1603989 -0.03674111
0.4359232 -1 1 -0.8401782 0.2130731 -0.07745568
0.3983035 -1 1 -0.8288361 0.2489422 -0.06741836
0.3927164 -1 1 -0.8187384 0.2795063 -0.04407148
0.3932658 -1 1 -0.7730458 0.3588064 -0.04002398
0.4578095 -1 1 -0.6380588 0.3567627 -0.04916646
0.3754053 -1 0.9589461 -0.5150564 0.2988438 -0.06776879
0.4125709 -1 1 -0.6678843 0.4670746 -0.05267683
0.4369476 -1 1 -0.7719811 0.4296395 -0.1016086
0.4531428 -1 1 -0.5818239 0.3777544 -0.09342553
0.4151413 -1 1 -0.602432 0.3024416 -0.08836902
0.511138 -1 1 -0.6638338 0.3012249 -0.1348146
0.4450892 -1 1 -0.6542061 0.4320565 -0.1188082
0.5326189 -1 1 -0.7342506 0.3813343 -0.05404017
0.4937663 -1 1 -0.5999794 0.3857138 -0.08996926
0.5375493 -1 1 -0.7520005 0.3726707 -0.146964
0.3800668 -1 1 -0.7491413 0.3444991 -0.1193482
0.3661377 -1 1 -0.7837039 0.1855679 -0.1244399
0.3950988 -1 1 -1 0.1781838 -0.1315403
0.4476345 -1 1 -0.8126947 0.1738768 -0.07596908
0.3907646 -1 0.6900228 0.007958733 0.2921395 0.009909162
0.4135146 -1 0.6195411 0.2789159 0.2930562 -0.02273506
0.4040442 -1 0.6964542 0.06261168 0.2988212 -0.007615582
0.3472779 -1 0.7288123 -0.08962188 0.258652 0.000715255
0.3649637 -1 0.8151571 -0.3772435 0.2438828 -0.05113361
0.4116184 -1 0.8790864 -0.4546196 0.3501326 -0.03047429
0.3795069 -1 0.8631866 -0.451436 0.3253026 -0.04523287
0.4517351 -1 0.8952094 -0.269812 0.2487225 -0.1008065
0.3696798 -1 0.8463203 -0.3144417 0.2415709 -0.0796925
0.426904 -1 0.6841899 0.2049588 0.3502614 -0.04540693
0.3613086 -1 0.5860897 0.2875057 0.3309226 -0.08148163
0.3646795 -1 0.4779881 0.5581967 0.4196637 -0.02403722
0.3721566 -1 0.4761855 0.5975634 0.2589391 -0.02252542
0.3677461 -1 0.4405346 0.5323538 0.2230508 -0.04294126
0.3782537 -1 0.3988453 0.6417152 0.3693498 0.0531962
0.419485 -1 0.4896235 0.6317722 0.2514666 0.0368513
0.3750783 -1 0.4945647 0.4763667 0.2506613 -0.04848998
0.3929186 -1 0.4595583 0.567996 0.2288062 -0.04319937
0.4030263 -1 0.3758276 0.8530734 0.3604645 0.05005677
0.37305 -1 0.395074 0.7172673 0.2969718 -0.07267302
0.3534398 -0.9523455 0.4591333 0.3331296 0.3120803 -0.05827864
0.3396001 -0.9331325 0.4092342 0.316832 0.2418782 -0.06037561
0.3263651 -0.907215 0.4087677 0.3142436 0.2798376 -0.05217232
0.3423936 -0.90074 0.4829729 0.191966 0.4231485 -0.02845658
0.3976233 -0.9235308 0.4511885 0.4231763 0.4785785 -0.05796439
0.4385882 -0.8962266 0.5081683 0.5341815 0.4096209 -0.04735446
0.4409353 -0.9557348 0.6140226 0.2994647 0.4559947 -0.07041181
0.4338034 -0.9789001 0.5338243 0.3480228 0.4265977 -0.03670929
0.416359 -0.9802803 0.5165389 0.4733141 0.4154457 -0.06545067
0.4126928 -0.9642891 0.5940269 0.3569659 0.3771645 -0.07620796
0.3817698 -0.9993295 0.3797165 0.6854144 0.4339994 -0.07686636
0.3726386 -1 0.43718 0.7364548 0.4697338 -0.07062232
0.4063751 -1 0.5424982 0.6986808 0.3096391 -0.09115366
0.3866263 -1 0.635975 0.3912386 0.3620869 -0.1358973
0.3634436 -1 0.5278556 0.6700488 0.3381723 -0.09405193
0.3818037 -1 0.5066653 0.583503 0.3789021 -0.1402838
0.351813 -0.9634271 0.4318581 0.5737764 0.399605 -0.05422972
0.3645995 -0.8855537 0.3439075 0.7875378 0.3235538 -0.005087717
0.3721184 -0.9491515 0.3651102 0.629765 0.3040073 0.01382298
0.3616031 -0.9267297 0.4131337 0.4455481 0.3679535 -0.04289818
0.3659868 -1 0.5527414 0.2652155 0.3618394 -0.07262558
0.3726922 -1 0.6714612 -0.07961418 0.379679 -0.001926319
0.3673899 -1 0.7929783 -0.3725078 0.3448698 -0.05127168
0.3715902 -1 0.6993757 -0.1115581 0.3813317 -0.05648588
0.3877072 -1 0.8525423 -0.4800739 0.3369684 -0.01866898
0.3626077 -0.9993063 0.8271625 -0.5252777 0.3328723 -0.03968707
0.3900217 -0.9914632 0.6565288 0.01369569 0.3099239 -0.0284121
0.4109639 -0.9959567 0.7170329 -0.1818202 0.2903904 -0.02722435
0.40572 -0.9874383 0.7977226 -0.1865406 0.4018181 -0.06572273
0.3482716 -0.9628943 0.6164418 -0.0001513818 0.3200163 0.02900608
0.4270443 -1 0.675441 -0.008012421 0.2967814 -0.01963938
0.384573 -1 0.6947817 -0.01208294 0.4043205 -0.04083156
0.3927978 -0.9883264 0.5533342 0.314146 0.4054574 -0.003665821
0.4675562 -0.8963449 0.53883 0.5155535 0.4548983 0.003255567
0.4011843 -0.9003206 0.4385674 0.4222784 0.4715239 -0.03300346
0.3979517 -0.9251869 0.5602671 0.4361406 0.363484 -0.07987799
0.4041221 -0.9458488 0.532691 0.4608551 0.3611797 -0.02335181
0.4234504 -0.9897485 0.5229234 0.5134748 0.4422242 0.03607084
0.4198596 -0.8966914 0.5014283 0.5920827 0.4549365 0.005811995
0.4540307 -0.8356818 0.4682251 0.6581939 0.4490145 -0.007778973
0.4948398 -0.8015102 0.4077175 0.7920792 0.4530121 -0.0175615
0.4104904 -0.9177955 0.5828793 0.3495888 0.4545635 -0.01430976
0.4349425 -0.8745852 0.5878723 0.2782837 0.4274901 -0.02641402
0.3708717 -0.9621541 0.5742835 0.1818587 0.4277941 -0.02276233
0.4749407 -0.7446446 0.4319028 0.6772529 0.3876497 -0.1112284
0.3159941 -0.7101828 0.4978547 -0.04575079 0.3855204 -0.08862323
0.34194 -0.6682306 0.5256507 -0.09134598 0.3041005 -0.09957732
0.4010654 -0.6102346 0.6080639 -0.1153115 0.1986213 -0.144818
0.4618292 -0.6176735 0.5629029 0.2693487 0.1831838 -0.1255096
0.3276902 -0.7633922 0.5060059 0.1713217 0.3230567 -0.05160279
0.3412638 -0.7776452 0.4688283 0.2566949 0.378447 0.003981551
0.4073019 -0.7251313 0.4115325 0.3986876 0.3323437 -0.02264995
0.3807315 -0.7798342 0.3862574 0.4059242 0.3595454 -0.004320215
0.423868 -0.7280177 0.3542744 0.5368574 0.4259546 0.03116485
0.3710681 -0.7829595 0.4198978 0.3466254 0.3369445 -0.0291744
0.5626349 -0.7370518 0.5650899 0.4544422 0.3765717 0.001802937
0.3409052 -0.794413 0.6209384 -0.1627365 0.3163344 0.01264718
0.5200416 -0.7220097 0.5952441 0.3143131 0.3231656 -0.05283564
0.4320215 -0.4329267 0.2988784 0.6999129 0.4624328 0.002448341
0.2984495 -0.5436984 0.1923273 0.5099496 0.4211531 -0.05028692
0.3873323 -0.4725777 0.3110081 0.4448247 0.3463048 -0.1374285
0.2708874 -0.5624397 0.3555559 0.04940407 0.4410496 -0.1137327
0.391966 -0.5173076 0.384807 0.1945942 0.4279136 -0.1169338
0.2838189 -0.6359988 0.4609928 0.03871897 0.4068436 -0.1280539
0.3836773 -0.6656235 0.4901255 0.1592215 0.4264236 -0.1366924
0.2980732 -0.7457465 0.5425752 -0.1191231 0.4575195 -0.0436829
0.2582112 -0.5309216 0.4138039 -0.1514146 0.3504126 -0.08940159
0.2120013 -0.5322716 0.4093134 -0.1566292 0.4251704 -0.0475724
0.1822144 -0.4161915 0.3746632 -0.1590801 0.3961993 -0.1031796
0.2441351 -0.3563905 0.4003718 -0.1344322 0.4159062 -0.1544656
0.1760613 -0.4223185 0.8227358 -1 0.4590091 -0.2235663
0.3643434 -0.4945271 0.9340271 -0.8496726 0.4410674 -0.2052905
0.3021842 -0.600031 0.9897231 -0.9626702 0.4582481 -0.201975
0.2510622 -0.639495 0.9713905 -0.9055315 0.417872 -0.1896178
0.2058468 -0.7016046 0.8367017 -0.8575774 0.3543787 -0.1969435
0.2204847 -0.6882708 0.8604026 -0.9450916 0.3626261 -0.2105837
0.3706558 -0.7129568 0.978359 -0.742112 0.2796948 -0.2479073
0.3283649 -0.7041107 1 -0.9895648 0.336092 -0.2297767
0.2484059 -0.7128745 0.9040773 -0.9728882 0.3651106 -0.1881217
0.2159051 -0.6479881 0.719229 -0.9114392 0.3844329 -0.2487351
0.219109 -0.6274385 0.714468 -0.8969819 0.3224696 -0.25299
0.2032159 -0.5613554 0.63308 -0.8081767 0.3457233 -0.2374799
0.2454891 -0.4267916 0.4608004 -0.1961353 0.3211434 -0.21362
0.2113384 -0.5816215 0.8318605 -0.715157 0.2540722 -0.2554049
0.2419013 -0.7009977 0.9317653 -0.8429917 0.2833818 -0.2866305
0.2881507 -0.8064186 1 -1 0.2793247 -0.2763284
0.2682019 -0.7003402 0.9546735 -1 0.2786988 -0.2440996
0.2914568 -0.6646386 0.9186117 -0.7638705 0.2543162 -0.2516247
0.1978629 -0.5605367 0.8939643 -1 0.3156853 -0.3050033
0.2140452 -0.606403 0.8433525 -0.7696896 0.4788788 -0.2078
0.3481702 -0.6737522 1 -1 0.3957558 -0.2128001
0.2922757 -0.6348841 1 -0.9770489 0.3660374 -0.1844778
0.2612849 -0.693 1 -1 0.3811392 -0.1908841
0.2851336 -0.5657753 0.8917438 -0.8783139 0.3366932 -0.1528543
0.2663494 -0.6186202 0.9188873 -1 0.29498 -0.1678836
0.3722886 -0.6192451 1 -0.962285 0.2724447 -0.131257
0.3988509 -0.5718861 1 -0.8543312 0.2103611 -0.1256906
0.4394642 -0.4995311 1 -0.8562753 0.210708 -0.19741
0.3439066 -0.5717956 0.8976358 -1 0.1899493 -0.1870791
0.2955268 -0.4532216 0.8551728 -1 0.2201041 -0.1240797
0.2993768 -0.4590811 0.8399297 -1 0.3085529 -0.1258105
0.2250627 -0.606057 0.9161186 -1 0.2239216 -0.2011767
0.2129568 -0.5951847 0.8671703 -1 0.3194888 -0.1523764
0.2461837 -0.7409104 0.9205346 -1 0.2621785 -0.2205826
0.2651809 -0.7207034 0.782003 -0.8324631 0.2778164 -0.217686
0.3571444 -0.6718338 0.8606858 -0.8012045 0.3080349 -0.2031808
0.2810158 -0.6339824 0.8470777 -0.8869975 0.2772828 -0.2056629
0.2471316 -0.6498516 0.7180674 -0.569505 0.2727702 -0.1781668
0.2473375 -0.6938477 0.8603681 -0.9704552 0.2251947 -0.1400828
0.2198536 -0.5811476 0.663387 -0.891601 0.2651709 -0.2332807
0.25