0.4332675 -1 1 -0.8761824 0.4212787 -0.313434
0.4262337 -1 1 -0.5495286 0.4694751 -0.2051825
0.3567305 -1 1 -0.8336372 0.3388419 -0.2520727
0.3173932 -1 0.9591044 -0.8429253 0.2700238 -0.281307
0.3583184 -1 0.9273604 -0.5188963 0.3233489 -0.1823742
0.3660099 -1 1 -0.8088657 0.3550856 -0.2145828
0.3249741 -1 1 -0.8854734 0.3098637 -0.2051532
0.3393411 -0.9923704 0.9000581 -0.7452213 0.300096 -0.2681254
0.3125402 -0.9750626 0.8932482 -0.8592561 0.2579847 -0.3194476
0.3253585 -1 1 -0.8842939 0.2483914 -0.188244
0.3267826 -0.9697077 0.9407214 -0.9076917 0.3127986 -0.1972844
0.317722 -0.9956374 0.9874575 -0.9959028 0.3545744 -0.1541786
0.3322336 -0.9450416 0.8319705 -0.5991693 0.2391117 -0.2223232
0.3093841 -0.9428328 0.8898066 -0.7463511 0.2519366 -0.2392834
0.3017931 -1 0.9614739 -0.9249051 0.3680984 -0.1822487
0.3092731 -1 0.8889406 -0.8549783 0.2584324 -0.2425019
0.3659987 -1 0.9660622 -0.6208385 0.3096908 -0.2485264
0.3592133 -1 0.9880044 -0.5834646 0.3593341 -0.2162105
0.31791 -1 0.8875042 -0.6156369 0.2728863 -0.2121863
0.3558664 -1 1 -0.6721157 0.3835129 -0.2414082
0.3302833 -1 0.8893884 -0.676082 0.4656225 -0.2920167
0.3462686 -1 0.9619556 -0.6008251 0.5290365 -0.3382155
0.4370205 -0.9302703 1 -1 0.4791257 -0.3427685
0.4239103 -0.8949308 1 -1 0.4830439 -0.3905591
0.3889629 -0.980101 1 -1 0.5190659 -0.3261925
0.415239 -0.9747971 1 -1 0.4203557 -0.3114944
0.3421469 -0.9527321 1 -1 0.4561334 -0.3248469
0.2607782 -0.9397647 0.8642001 -1 0.3743615 -0.2444785
0.2332646 -0.9468017 0.7989172 -0.9492087 0.2433413 -0.2038313
0.2532481 -0.9124194 0.8466995 -0.9606643 0.1941792 -0.1474798
0.267251 -0.7466761 0.4127393 0.05163478 0.287894 -0.1618986
0.2910155 -0.7346883 0.4998471 -0.001075204 0.3259999 -0.1595188
0.2844813 -0.7258328 0.5026957 0.01152172 0.2949661 -0.1672515
0.2421448 -0.5629296 0.5190209 -0.3043729 0.3128525 -0.234618
0.2868625 -0.5099553 0.3755248 0.09703584 0.3368056 -0.1855227
0.2440611 -0.6344023 0.7869331 -0.7817524 0.3528056 -0.2911407
0.2174972 -0.6488246 0.7377271 -0.8576303 0.3482418 -0.3695916
0.2419292 -0.7145097 0.8105242 -0.9273972 0.2572867 -0.3297943
0.2324726 -0.6631781 0.7528892 -0.8023974 0.3266864 -0.3069008
0.2817697 -0.7271798 0.9411865 -1 0.287848 -0.279735
0.305065 -0.8225286 0.9517108 -1 0.2283629 -0.2408969
0.2925728 -0.7780476 0.9193996 -0.9830155 0.2180133 -0.2847345
0.2774995 -0.7718986 0.9259112 -1 0.223103 -0.3065443
0.2643484 -0.8296927 0.9402238 -1 0.2885416 -0.3352931
0.3082327 -1 1 -1 0.2088752 -0.2916492
0.3252591 -0.9853244 0.8495454 -0.6656604 0.1950291 -0.2112353
0.3185266 -0.9275672 0.6291538 -0.03218287 0.3598931 -0.06403388
0.333288 -0.9772927 0.6393501 -0.04658268 0.2915436 -0.07509071
0.3134844 -0.9020659 0.6183231 -0.1589167 0.2166674 -0.2291985
0.3100421 -1 1 -0.8955205 0.109195 -0.1868025
0.2809379 -0.9659279 0.9897996 -1 0.1684992 -0.1942895
0.2534213 -0.8776743 0.9593709 -1 0.1686443 -0.1666703
0.2521567 -0.8046461 0.9765971 -1 0.1492998 -0.243864
0.2384926 -0.7247787 0.910639 -1 0.1550865 -0.2437994
0.2519539 -0.6968634 0.7401958 -0.7673422 0.1949058 -0.1937405
0.3207663 -0.8052454 0.868031 -0.6336665 0.1132449 -0.1403378
0.2846814 -0.8450416 0.9044972 -0.8097129 0.1124327 -0.04129936
0.3168804 -0.8537297 0.8481985 -0.61887 0.06402209 -0.1178716
0.3837737 -0.8879363 0.9399106 -0.5161469 0.1010324 -0.1018579
0.308298 -0.8563702 0.7810506 -0.5036691 0.1948481 -0.08579985
0.2627847 -0.7955117 0.6549897 -0.3334168 0.2980339 -0.1351879
0.2592466 -0.7565959 0.6664 -0.6635616 0.1540122 -0.21113
0.2877888 -0.8412342 0.8045419 -0.8955901 0.090161 -0.1217718
0.2664463 -0.713122 0.6247824 -0.6080142 0.107016 -0.06108871
0.2296414 -0.6173509 0.7238737 -0.7648544 0.1627745 -0.1896973
0.2392121 -0.6307342 0.7953616 -1 0.1368167 -0.1823306
0.2182806 -0.5630288 0.6906487 -0.8181872 0.2171025 -0.2510121
0.2328855 -0.6970291 0.8743032 -1 0.1703623 -0.1789275
0.2978505 -0.7764125 0.9658149 -0.9571317 0.2103574 -0.122962
0.2627223 -0.7722688 0.9333424 -1 0.1874665 -0.1220509
0.2687052 -0.7880734 1 -1 0.1201695 -0.1433238
0.2416681 -0.7549482 0.7818694 -0.9735032 0.2561374 -0.1305739
0.2659833 -0.8334167 0.8837715 -1 0.1171569 -0.1467431
0.2609062 -0.8277951 0.8486717 -1 0.05394008 -0.06019675
0.2825281 -0.7399665 0.8283972 -1 0.05531434 -0.05635846
0.2863922 -0.7504566 0.8782054 -1 0.06809152 -0.01706357
0.3113132 -0.7756867 0.8733616 -1 0.02276182 -0.05168348
0.4413463 -0.7655231 0.9771415 -0.9068154 0.05707467 -0.03151125
0.2943652 -0.7037293 0.7990095 -1 0.03771617 -0.1048
0.2623659 -0.6595173 0.812926 -1 0.02522824 -0.08471845
0.314744 -0.7301596 0.8770929 -1 -0.01385989 -0.09602737
0.2990651 -0.8591784 0.9635563 -1 0.01348289 0.01674158
0.3173581 -0.7961453 0.697615 -0.5496746 0.1249659 -0.005036076
0.3103943 -0.790877 0.8392913 -1 0.04119574 -0.01025614
0.2823718 -0.7160794 0.8069652 -1 -0.05793398 -0.09063099
0.3032042 -0.717647 0.8957379 -1 -0.107914 -0.07234269
0.3235507 -0.7923911 0.9193225 -1 -0.06966826 -0.03766819
0.2804928 -0.7267153 0.8420621 -0.8952571 0.01005924 -0.09128633
0.2771435 -0.785359 0.8409763 -0.8345459 0.1453637 -0.02112902
0.2842152 -0.8370515 0.9333372 -1 0.007768271 -0.04073563
0.2997786 -0.8471393 0.9462048 -1 0.0005422123 -0.04752261
0.2703599 -0.864853 0.9238608 -0.9237114 0.006328424 -0.08429489
0.2716771 -0.9276754 0.9942265 -0.9734426 0.03890796 -0.06206982
0.2693964 -0.9543889 1 -1 0.05731705 -0.01522208
0.3157579 -0.9749762 1 -1 0.1522735 -0.1978
0.3057935 -0.8178371 1 -1 0.2796987 -0.2679901
0.3372851 -0.9310026 1 -1 0.3972192 -0.2794231
0.3036227 -1 1 -1 0.3532677 -0.2681609
0.3500266 -1 1 -1 0.4565282 -0.2786534
0.3620264 -1 1 -1 0.4001113 -0.3091219
0.345334 -1 0.9951279 -0.6756392 0.3959102 -0.2955181
0.3151664 -1 1 -0.7472185 0.3195617 -0.2986234
0.3183035 -1 1 -1 0.3209844 -0.1731759
0.3514791 -1 1 -0.9408487 0.4681562 -0.2089919
0.6212954 -1 1 -0.7914348 0.433387 -0.14719
0.5262923 -1 1 -0.8171455 0.4239227 -0.1780779
0.6635296 -1 1 -1 0.4217894 -0.2470981
0.4730576 -1 1 -1 0.4152584 -0.2494042
0.3335476 -1 1 -1 0.3617026 -0.238669
0.309299 -1 1 -1 0.2659513 -0.1757779
0.3132876 -0.9843932 1 -1 0.2544943 -0.1163641
0.3142218 -0.9314981 1 -1 0.2166072 -0.09442686
0.2660937 -0.7984734 0.849651 -1 0.2786658 -0.1349124
0.2610044 -0.788707 0.9238049 -1 0.2574539 -0.2682968
0.2957518 -0.8238724 1 -1 0.2723173 -0.2594862
0.3031842 -0.8071563 0.9753637 -1 0.3230287 -0.204167
0.3737163 -0.9717233 1 -1 0.3155421 -0.1792441
0.3436268 -0.9610375 1 -1 0.3092119 -0.1782476
0.3623983 -0.9162522 0.9874122 -0.9153922 0.2058786 -0.1847657
0.4412509 -0.7973228 0.9268202 -0.7483419 0.2061799 -0.1821204
0.3695571 -0.9344089 1 -1 0.1053661 -0.1258271
0.442625 -0.7659715 0.8070317 -0.3675962 0.1923539 -0.1412918
0.4493283 -0.7857486 0.793847 -0.2649868 0.2215149 -0.08156884
0.3887556 -0.881201 0.7729059 -0.3040315 0.1779397 -0.1087661
0.4626065 -0.8311226 0.8036072 -0.1369004 0.2194207 -0.1071493
0.4359639 -0.8803699 0.8455141 -0.3211983 0.2675741 -0.0968541
0.4127242 -0.9258552 0.9986781 -0.8923262 0.2516176 -0.1181826
0.293757 -0.9094306 0.9398767 -1 0.2443675 -0.2197427
0.3187119 -0.9263287 0.9296656 -0.7624564 0.2611195 -0.1950476
0.3662304 -0.9842348 0.9074244 -0.617272 0.2646629 -0.1520843
0.3563427 -1 1 -0.9866131 0.2654815 -0.06502585
0.3395969 -0.965988 0.9285179 -1 0.2188836 -0.1399574
0.3464411 -0.9913026 1 -1 0.139509 -0.1498181
0.3626135 -0.9720164 0.9720821 -0.9756766 0.1204005 -0.06695048
0.325685 -0.8859884 0.9735297 -1 0.09649695 -0.1088537
0.3080969 -0.8946387 0.9680514 -1 0.1186312 -0.03657677
0.3227605 -0.8985014 0.9573965 -0.9722018 0.1352225 0.02230014
0.313233 -0.8650428 0.9128249 -0.9514357 0.1795989 -0.005889196
0.3832567 -0.8196584 0.8062027 -0.443799 0.1806813 -0.01345205
0.3725895 -0.9529883 0.9051267 -0.6804372 0.1705254 -0.004102158
0.3360448 -0.9133834 0.9652886 -0.9113184 0.1050333 -0.001264011
0.2800241 -0.796036 0.8553097 -0.9651759 0.03699071 -0.1183493
0.2964491 -0.7765514 0.8708347 -0.8022094 0.08729161 -0.04067899
0.32298 -0.8342708 0.917881 -0.7365788 0.2579586 -0.04817107
0.3494156 -0.8756356 0