0.3482699 -0.3715664 0.4654475 0.1961276 0.1595606 0.2801091
0.2197862 -0.4393111 0.3954728 -0.009055398 0.1376956 0.2555464
0.3300384 -0.3853623 0.3198731 0.2805739 0.1706378 0.2496408
0.3349392 -0.4072717 0.3576632 0.4399493 0.1339915 0.2723143
0.2497159 -0.4618759 0.3407718 0.1246007 0.2290869 0.3302412
0.4507106 -0.3174721 0.4915375 0.4222656 0.168043 0.2986249
0.4198369 -0.2745959 0.4106202 0.4488162 0.1198572 0.2709527
0.4067108 -0.3032562 0.4816834 0.2747928 0.1148439 0.2464734
0.4265877 -0.2991712 0.3847073 0.3523157 0.1303164 0.2448772
0.1762937 -0.4468977 0.1741313 0.3786354 0.07805236 0.2814668
0.315578 -0.2252446 0.1606092 0.5201047 0.1650311 0.2901441
0.3181358 -0.2612162 0.3237207 0.2843464 0.1382646 0.2530403
0.3851282 -0.1766429 0.2998297 0.5580414 0.1983337 0.2555499
0.3887352 -0.1475195 0.2791793 0.3894511 0.2325478 0.2451913
0.4081144 -0.2607418 0.4064187 0.3793772 0.1666978 0.2184848
0.1725857 -0.4436448 0.2636842 0.07830564 0.124084 0.3011768
0.3275464 -0.3722603 0.3205602 0.2096287 0.167036 0.3036501
0.4032045 -0.3182816 0.4166015 0.2993559 0.1224594 0.2288854
0.4010865 -0.3528551 0.4273494 0.3915867 0.1600738 0.2733335
0.1988139 -0.522661 0.3993621 0.01489282 0.1266499 0.2888852
0.3607292 -0.3671287 0.4673602 0.07030986 0.1923169 0.2434104
0.264529 -0.5314736 0.4377073 -0.06174951 0.1210738 0.2394388
0.3164089 -0.4111266 0.4140172 0.09487966 0.177072 0.272435
0.4016702 -0.2622468 0.4329558 0.3466633 0.1913918 0.2393726
0.2000649 -0.3490759 0.2869462 0.1327371 0.2350993 0.215263
0.3481852 -0.2881798 0.3385577 0.2604286 0.2322822 0.23428
0.372889 -0.2560593 0.3654332 0.3416186 0.210178 0.2653758
0.2332772 -0.4370904 0.3747486 -0.01624985 0.1912266 0.2731105
0.4125037 -0.3378052 0.4813971 0.2721242 0.1549091 0.2215515
0.397491 -0.2999579 0.4325613 0.4493355 0.196396 0.1826606
0.226831 -0.4482619 0.4142344 -0.1139192 0.2000067 0.2036196
0.3824006 -0.4148833 0.596401 0.1091273 0.1864478 0.2605456
0.4152056 -0.4374249 0.5349835 0.1976968 0.2186919 0.2891436
0.4299471 -0.3783118 0.518104 0.2546089 0.1901749 0.2614286
0.3798617 -0.3426208 0.465553 0.2318573 0.1454055 0.2097587
0.4056287 -0.4027148 0.4860487 0.2936517 0.124218 0.1868236
0.2347261 -0.4974462 0.4036939 0.05824012 0.1391537 0.2239023
0.3146674 -0.425397 0.3988619 0.1483228 0.2306817 0.2463274
0.3370823 -0.4078626 0.4448157 0.1384495 0.2215263 0.2532148
0.3940096 -0.3835586 0.4903323 0.1636284 0.1844546 0.2659168
0.3812413 -0.3637677 0.4878071 0.1854532 0.1855718 0.2469026
0.2188912 -0.4110125 0.40309 -0.04004396 0.1722266 0.182326
0.4086002 -0.2975214 0.4770839 0.2754599 0.1226751 0.2089587
0.3175221 -0.2864275 0.3739173 0.1422469 0.1512768 0.2041323
0.4056648 -0.3274423 0.5024766 0.2996874 0.1777031 0.2917743
0.2110698 -0.4223486 0.3481368 -0.05917519 0.1572915 0.1901526
0.3367425 -0.3898338 0.3975019 0.2711914 0.175308 0.2065575
0.2188986 -0.3833151 0.3470398 -0.05885783 0.2052027 0.1768856
0.397772 -0.2981574 0.3874459 0.4010293 0.1749416 0.1651788
0.214744 -0.4361265 0.3584541 0.01399473 0.2626593 0.2336991
0.4133896 -0.3570226 0.4973417 0.3181762 0.2027021 0.2340934
0.4214796 -0.3749448 0.5286262 0.2959382 0.1633115 0.2695404
0.4323849 -0.4100043 0.5146156 0.3240492 0.1870299 0.3009862
0.4154578 -0.3957854 0.5024177 0.2455093 0.1980143 0.2983128
0.3484022 -0.3754851 0.3821054 0.3253345 0.2229099 0.3268445
0.3881955 -0.3307528 0.4701481 0.3314119 0.1462186 0.2698475
0.3804648 -0.3258577 0.4062453 0.3370089 0.1918114 0.2042726
0.2238474 -0.4819212 0.4443161 -0.1599431 0.151447 0.2120812
0.2883377 -0.2916477 0.333892 0.2394434 0.1839937 0.2003484
0.222978 -0.4373358 0.3290539 0.06356486 0.2076779 0.2094595
0.4509751 -0.2706499 0.4686521 0.3817724 0.2706435 0.2435073
0.439835 -0.341811 0.524244 0.3689776 0.2757868 0.2871729
0.2897191 -0.6433466 0.490609 0.01660559 0.3126635 0.2525376
0.4881382 -0.452425 0.5949327 0.395062 0.2837732 0.221846
0.3847407 -0.3509259 0.4189344 0.4064606 0.3943467 0.1841214
0.4715137 -0.4315982 0.5896341 0.4766077 0.324931 0.1363412
0.2706003 -0.494666 0.3945165 0.1312262 0.4323491 0.105184
0.4293554 -0.4528583 0.5506975 0.3049201 0.4089554 0.125721
0.4377555 -0.4003029 0.6074204 0.2281877 0.4291817 0.1378532
0.4860829 -0.4598955 0.6385561 0.366901 0.380406 0.1413656
0.197714 -0.4748595 0.3382304 0.1110491 0.5883663 0.1393331
0.3461367 -0.4069235 0.4713059 0.1933886 0.6392539 0.06906971
0.5000978 -0.3723438 0.5347118 0.3923667 0.5502112 0.004349835
0.2499137 -0.4783579 0.3244206 0.1142434 0.6171343 0.09207235
0.4823007 -0.4342621 0.536152 0.3212127 0.6538162 0.1013825
0.5115246 -0.3642085 0.5466458 0.5647792 0.6412706 0.107176
0.4991485 -0.3461896 0.5235528 0.5377645 0.6610736 0.1197339
0.5149865 -0.3647166 0.5233583 0.5136763 0.6151328 0.06380843
0.4905998 -0.3218883 0.4983815 0.5279031 0.6382914 0.04431841
0.4767353 -0.2563044 0.5083514 0.5207304 0.5919993 0.01685884
0.500721 -0.2546066 0.5322142 0.4916707 0.5588881 0.03223604
0.4992841 -0.2302391 0.5342088 0.516193 0.5476453 0.02756249
0.484871 -0.1908201 0.3846366 0.6679307 0.5818586 0.02904289
0.5345358 -0.2125084 0.5199534 0.4968194 0.6113454 0.07431935
0.5370206 -0.221506 0.6195521 0.3906085 0.6101571 0.02871369
0.508849 -0.1899028 0.5488802 0.4358948 0.6160952 0.02849859
0.5404863 -0.1635876 0.4855652 0.5612544 0.4652317 -0.03258889
0.5610509 -0.2081045 0.5729421 0.5632057 0.4902262 0.02178022
0.5183339 -0.1513262 0.4767401 0.6949801 0.4809977 0.02660279
0.511269 -0.1804686 0.580012 0.3825897 0.4265408 -0.00809276
0.5091007 -0.2896702 0.6238657 0.2954016 0.3894221 -0.01687715
0.4890177 -0.3049922 0.5259825 0.4402538 0.4444803 0.01675469
0.4887989 -0.3565471 0.5983221 0.1900784 0.4220903 -0.0002575382
0.5194413 -0.3836877 0.6597085 0.2028216 0.4192319 0.02494584
0.5255326 -0.4553215 0.7145579 0.2060279 0.3464704 0.04125981
0.4808774 -0.4672233 0.6784219 0.09792383 0.3427396 0.0654787
0.4276608 -0.4141836 0.5724924 0.2176322 0.3984976 0.08042283
0.229178 -0.5215803 0.3275477 0.04344147 0.3630278 0.07749194
0.3551701 -0.4087618 0.4714697 0.162261 0.373284 0.0563838
0.1971567 -0.4740338 0.337765 0.05367127 0.3298516 0.06386349
0.4172904 -0.481751 0.5710599 0.2383709 0.3190967 0.08470018
0.4062504 -0.3755587 0.459606 0.3936557 0.3674167 0.0728844
0.408197 -0.4309176 0.5678491 0.282364 0.3260592 0.09246925
0.3459587 -0.4692229 0.4595184 0.2919743 0.2837411 0.08623563
0.1895647 -0.4685619 0.3323538 -0.03204783 0.3000388 0.02581886
0.3193887 -0.4316892 0.4038349 0.155641 0.2717903 -0.01280601
0.1444353 -0.34467 0.1856953 -0.01209688 0.3540406 -0.06312184
0.367319 -0.3092582 0.4772807 0.04130365 0.2954184 -0.04638002
0.3264939 -0.3832458 0.5064876 0.06390809 0.3281237 -0.005554781
0.4806671 -0.4371531 0.6313674 0.149677 0.2598018 0.010875
0.486826 -0.5411488 0.6742104 -0.001903804 0.2029426 0.03178823
0.4718741 -0.4902857 0.6122295 0.1723876 0.2371905 -0.008015404
0.4143538 -0.3368627 0.4155025 0.4687118 0.2694718 -0.02509006
0.4108089 -0.3662329 0.4644214 0.2547335 0.2873028 0.008195477
0.3605954 -0.3254448 0.4321145 0.2633125 0.2945318 -0.0004613015
0.2100596 -0.3966736 0.395633 -0.09555647 0.3164897 -0.02452188
0.3258994 -0.4237117 0.381005 0.3459993 0.2851096 0.000415756
0.3705782 -0.4264806 0.460992 0.301632 0.2700591 0.007613635
0.4335504 -0.4050353 0.5056831 0.3597964 0.2777174 -0.01235667
0.4868524 -0.4367444 0.5723085 0.244955 0.2190099 0.004583705
0.4637328 -0.3659748 0.4910337 0.5360267 0.2334557 0.006505089
0.4444624 -0.3746886 0.4487884 0.4918747 0.2905062 0.005161486
0.4614276 -0.3669123 0.4535135 0.4015376 0.222734 -0.01132592
0.4052486 -0.3414719 0.4622703 0.2508786 0.226281 -0.05245958
0.3705125 -0.4035265 0.3920793 0.3023868 0.203257 -0.05272286
0.4144376 -0.2959296 0.3990041 0.417648 0.2158021 -0.03591795
0.3747475 -0.2633635 0.406882 0.3895367 0.2175215 -0.02822027
0.3575597 -0.2302197 0.3350385 0.2305709 0.2995721 -0.02187407
0.3721126 -0.244083 0.3587388 0.3547758 0.2702887 -0.01600607
0.3909177 -0.2689161 0.3911568 0.3652124 0.2494794 -0.0223688
0.1427662 -0.3081776 0.1036712 0.3624154 0.290976 -0.03749327
0.3967341 -0.3105262 0.4292853 0.3253015 0.2356142 -0.03443129
0.3878877 -0.2698179 0.4172786 0.1388837 0.2548907 0.005796541
0.4214005 -0.2796884 0.4261818 0.2982234 0.2586975 0.01446376
0.4396174 -0.3257403 0.5050582 0.2165632 0.2369522 -0.002300267
0.4990906 -0.3006342 0.4782207 0.352411 0.2607877 0.004597699
0.4880336 -0.2839286 0.4603783 0.3877147 0.2766021 -0.03303912
0.4749554 -0.3039662 0.4748827 0.2262805 0.3076201 0.0192985
0.5356401 -0.2968014 0.5204158 0.5171468 0.2093436 0.03112764
0.3894645 -0.2865881 0.4977643 0.3178563 0.2504615 0.0170526
0.3693781 -0.3044841 0.3996515 0.4273803 0.2281468 -0.02557143
0.3875854 -0.2693005 0.440558 0.3132311 0.1950147 -0.03072939
0.3950122 -0.2637866 0.4627174 0.3881547 0.2536687 -0.04197868
0.4336406 -0.1743588 0.3541083 0.6203779 0.2409822 -0.02656683
0.485259 -0.1895594 0.448482 0.6625543 0.2224321 -0.0246507
0.5306712 -0.2121085 0.5111941 0.5499847 0.1964084 -0.05649538
0.5398669 -0.2211155 0.506199 0.6222631 0.2289742 -0.01642105
0.4964365 -0.15467 0.4129165 0.5649329 0.2929227 0.02669156
0.5079454 -0.2126786 0.4070434 0.5740153 0.2828682 -0.02590198
0.4384259 -0.1050711 0.3212094 0.4691584 0.3068317 -0.006655899
0.4194791 -0.1414896 0.3281593 0.3912906 0.292948 -0.00983624
0.4370012 -0.2015971 0.343528 0.4394767 0.2630783 -0.05205045
0.4012557 -0.1635633 0.2977714 0.4376519 0.3003239 -0.02258817
0.4205666 -0.256393 0.3376991 0.4316147 0.278634 0.002834794
0.438472 -0.2423345 0.3843456 0.3503115 0.2556279 -0.01882283
0.4552359 -0.2459045 0.4485606 0.3158107 0.2440909 0.0268372
0.4432957 -0.2701121 0.399157 0.5037826 0.2125306 0.03012302
0.4387149 -0.2891709 0.4074751 0.6196238 0.2191889 0.05423706
0.4283824 -0.3173544 0.3831805 0.486155 0.2792854 0.06685631
0.4990596 -0.3292857 0.459622 0.4851999 0.223824 0.05783862
0.4913322 -0.2643962 0.4405048 0.5661438 0.1840014 -0.01487719
0.5190394 -0.3164297 0.4678965 0.4829143 0.1319315 -0.02060444
0.4511237 -0.2250132 0.406964 0.3633248 0.1710146 -0.01882529
0.4550965 -0.2120472 0.3824078 0.4380897 0.2081314 0.0364573
0.4834093 -0.2710584 0.4354537 0.5215685 0.2210027 0.03619193
0.5254226 -0.2005583 0.4205503 0.4843392 0.215646 0.01769513
0.5509163 -0.258397 0.5079033 0.4862173 0.1720403 0.006484566
0.5225963 -0.240721 0.4733271 0.4689212 0.1685774 -0.0209906
0.457171 -0.2433798 0.3771446 0.3969926 0.2404345 0.01936701
0.4702384 -0.2471705 0.5122774 0.07400839 0.1855456 -0.01603112
0.481665 -0.3016713 0.4886674 0.1885804 0.2134598 -0.02394846
0.3957652 -0.3304345 0.4122783 0.186399 0.2331606 -0.02511707
0.4801345 -0.3337535 0.5069045 0.1571388 0.217811 -0.05593401
0.5049021 -0.3384138 0.5658668 0.08217724 0.1959994 -0.03591915
0.4612748 -0.2615257 0.5431777 -0.06873845 0.2118259 0.007236125
0.4799474 -0.2677632 0.5242364 -0.0579808 0.2110668 -0.04498105
0.4662501 -0.2727042 0.4999017 -0.01681072 0.1681619 -0.06047587
0.1747859 -0.3068452 0.2708702 0.05061204 0.2344721 -0.009934078
0.3233878 -0.2016577 0.3067842 0.1543341 0.2303322 -0.05743683
0.3220601 -0.2392825 0.3015603 0.3535383 0.2193995 -0.06873704
0.2129205 -0.3018453 0.2966943 0.1208847 0.2753967 -0.0772557
0.2386882 -0.2438762 0.2642966 0.2933333 0.2923429 -0.07207267
0.2512128 -0.2888567 0.3149682 0.2121746 0.2927386 -0.04239931
0.233668 -0.2208308 0.2544763 0.06073629 0.3311204 -0.05590426
0.2053743 -0.06303195 0.2421254 0.03073237 0.3475128 -0.1435425
0.2262419 -0.2333529 0.2915714 0.03566594 0.2466149 -0.0696925
0.2840177 -0.3661293 0.3360394 0.2578764 0.2625109 -0.06067929
0.2803819 -0.3795633 0.3333363 0.2558704 0.2848395 0.003703388
0.2559613 -0.2472033 0.2933848 0.3741174 0.3152117 0.01319761
0.2217673 -0.3763474 0.3505974 0.2011004 0.3080844 0.002999386
0.2560303 -0.3106443 0.3294242 0.3409025 0.2355894 0.01857191
0.2705919 -0.2985428 0.3555516 0.2598788 0.2940594 0.01056114
0.2416552 -0.252982 0.2840466 0.1491477 0.3215793 0.01229543
0.2459941 -0.2720352 0.3383205 0.09880561 0.2668168 0.03120693
0.1963962 -0.3491375 0.3121561 -0.04613707 0.2954205 0.01548391
0.2426721 -0.2544358 0.2970583 0.1162817 0.2740471 0.02432172