0.289923 -0.5735694 0.0182809 0.5967454 0.3830369 -0.1132769
0.3851742 -0.4368237 0.08316192 0.6267558 0.4516134 -0.1396027
0.2774899 -0.5368548 0.09143147 0.499387 0.4595412 -0.1253622
0.4058915 -0.4429429 0.1481439 0.7473134 0.4028056 -0.1161412
0.3032027 -0.5662854 0.1611799 0.4550926 0.4686071 -0.0624349
0.3925159 -0.4773614 0.1463804 0.6385891 0.3818295 -0.03203625
0.2818508 -0.5638509 0.1940663 0.3916416 0.3534024 -0.06329377
0.3369281 -0.4458066 -0.08863449 0.7094498 0.4545829 -0.04106196
0.4267518 -0.4753922 0.156708 0.7387347 0.3215201 0.001290331
0.3114589 -0.5868722 0.07238487 0.5306952 0.3615565 -0.02429081
0.3432194 -0.4935814 -0.001388092 0.5727506 0.2920238 -0.09216406
0.3016689 -0.5773095 -0.01162426 0.5662899 0.4016314 -0.09965767
0.3200462 -0.5241299 -0.07834557 0.6210138 0.3825949 -0.08083007
0.4273235 -0.4532501 -0.04429832 0.8124089 0.431972 -0.03619225
0.3095036 -0.5712722 -0.07432053 0.5513031 0.4201106 -0.06810906
0.4114316 -0.4695762 0.1772837 0.6616753 0.3910014 -0.06217955
0.2805042 -0.5896459 0.2458332 0.2880217 0.368932 -0.09233678
0.355612 -0.6655806 0.06917357 0.5886099 0.3885984 -0.06714901
0.453876 -0.4878455 0.2206245 0.7535661 0.3026395 -0.0648808
0.2987805 -0.6816834 0.3016163 0.2930899 0.3139971 -0.04093184
0.3318891 -0.5667884 0.1489328 0.4389372 0.308527 -0.07535931
0.4450224 -0.5235782 0.205122 0.5912449 0.3563316 -0.001942439
0.2989789 -0.706084 0.2310408 0.2967645 0.3695861 -0.04390562
0.3730644 -0.4456239 -0.05762143 0.5783491 0.3538932 -0.02372251
0.3525212 -0.8056901 0.2957763 0.3938665 0.4054352 0.02199416
0.4702778 -0.8179802 0.3176926 0.6004313 0.3683753 -0.02727301
0.3546762 -0.8510979 0.3214272 0.3951635 0.3191346 -0.04381638
0.3472957 -0.6266096 0.2207671 0.3941207 0.2780241 -0.02646381
0.4497053 -0.5619839 0.145042 0.7048577 0.3583533 -0.0589603
0.3381172 -0.6778119 0.2037439 0.4035894 0.229335 -0.09336832
0.4119685 -0.6594836 0.2907268 0.5694433 0.2085812 -0.05644805
0.4343501 -0.602854 0.3484789 0.5550038 0.2252815 -0.0644729
0.3215337 -0.74444 0.2506816 0.4257177 0.2143863 -0.08660219
0.4853072 -0.6793934 0.2576795 0.6603263 0.2158043 -0.09375431
0.3347704 -0.7565649 0.2272911 0.4442847 0.2004827 -0.1423256
0.4596878 -0.717366 0.3604916 0.7471499 0.2205825 -0.1266647
0.4545202 -0.6350165 0.1853013 0.861147 0.2393018 -0.1180641
0.3551214 -0.7684879 0.3118512 0.4712337 0.2548186 -0.0852358
0.4539779 -0.8509218 0.5563099 0.3776613 0.323797 -0.09113748
0.3769802 -0.9750929 0.5843191 0.1240383 0.3763408 -0.1305144
0.4049261 -0.9619678 0.5740249 0.1691887 0.355005 -0.1277172
0.3736193 -0.919463 0.5235043 0.1565126 0.3619198 -0.1688053
0.4286871 -0.8801553 0.5732058 0.2430059 0.4494684 -0.1873155
0.3596626 -0.9445832 0.5245218 0.1075565 0.3914527 -0.1323243
0.4583989 -0.9208421 0.6868634 0.01068044 0.3462023 -0.1412152
0.3996326 -1 0.6900562 -0.01583105 0.336189 -0.1478271
0.4010155 -1 0.6875086 0.08513695 0.4187758 -0.1469055
0.4302623 -1 0.7146279 0.1041401 0.3709704 -0.133986
0.4597385 -1 0.6856881 0.2238067 0.3135742 -0.2259574
0.4457427 -1 0.6894936 0.2226044 0.3145722 -0.1832147
0.4830223 -1 0.5857376 0.6107417 0.3953074 -0.2013247
0.3762192 -1 0.4942326 0.6143892 0.3599173 -0.1330888
0.461983 -1 0.5498477 0.7777199 0.2998446 -0.06643651
0.4760827 -1 0.5755444 0.7826585 0.2860853 -0.1143179
0.4259795 -1 0.4930667 0.6139929 0.3785947 -0.1024247
0.4061534 -1 0.5091192 0.6047511 0.3732331 -0.116585
0.4077411 -1 0.3699268 0.7593938 0.3769393 -0.1571738
0.4620105 -1 0.5346468 0.5991675 0.4000228 -0.1251715
0.4987264 -1 0.5246496 0.6307014 0.370425 -0.1874286
0.3984286 -0.9821664 0.4614058 0.4600745 0.4124193 -0.220005
0.4267753 -1 0.5214522 0.5296763 0.4107323 -0.1579153
0.4333566 -1 0.4885853 0.5572354 0.4375063 -0.1586331
0.4245284 -1 0.6003262 0.4107898 0.4244289 -0.1737129
0.4374394 -1 0.4814858 0.7482718 0.4219383 -0.1334137
0.4408237 -1 0.4912959 0.6688995 0.4115468 -0.1308821
0.4280142 -1 0.5409382 0.557151 0.4274935 -0.2137203
0.4258359 -1 0.5672064 0.5153178 0.3912542 -0.2441463
0.4333926 -1 0.5059041 0.6148936 0.4171824 -0.26396
0.4351556 -1 0.5387846 0.6516415 0.4220642 -0.1672398
0.4605082 -1 0.57646 0.6981845 0.3851639 -0.1708531
0.4799093 -1 0.6920581 0.6637791 0.4098175 -0.1333027
0.4719166 -1 0.6688426 0.6222601 0.4815404 -0.09072977
0.527393 -1 0.8785194 0.2152869 0.4725412 -0.136581
0.4529303 -1 0.9406914 0.1147535 0.5045949 -0.1035311
0.4338913 -1 0.9832407 -0.1497833 0.4623464 -0.1550023
0.5458314 -1 1 -0.177447 0.4260647 -0.1960956
0.5864242 -1 1 -0.0312599 0.4760621 -0.1952636
0.5240117 -1 1 -0.3698028 0.5331116 -0.2438855
0.4460642 -1 0.9508175 -0.4426907 0.6025915 -0.3428042
0.4323286 -1 0.955981 -0.5511944 0.7219145 -0.3780522
0.424605 -1 1 -0.5919443 0.707561 -0.3609931
0.4274038 -1 0.9320104 -0.3225496 0.6893005 -0.3399556
0.3929105 -1 1 -0.6256253 0.6717215 -0.3472223
0.4382807 -1 1 -0.7689282 0.5745546 -0.3414044
0.4762833 -1 1 -0.6130768 0.6305843 -0.3365816
0.5183493 -1 1 -0.5285971 0.6539087 -0.3339681
0.5470977 -1 1 -0.5962058 0.6964118 -0.3058643
0.537551 -1 1 -0.4794698 0.6219689 -0.3678332
0.4109595 -1 0.9126273 -0.5104438 0.7733249 -0.374021
0.5293947 -1 1 -0.3802229 0.6391504 -0.2952022
0.4766711 -1 1 -0.6957382 0.632921 -0.3001012
0.4655783 -1 1 -0.5857485 0.6262605 -0.3321085
0.4168309 -1 1 -0.6831688 0.5830333 -0.3702059
0.498969 -0.7031222 0.4363083 0.6939073 -0.0426999 -0.207578
0.4428694 -0.5256471 0.1909885 0.6907905 0.07725006 -0.254398
0.4603416 -0.4308448 0.1267931 0.7621592 0.1478776 -0.2336096
0.4106281 -0.3591188 0.06790852 0.8351016 0.1505398 -0.191842
0.5209994 -0.3334783 0.06253031 1 0.1362747 -0.2380114
0.3306902 -0.3116134 -0.03641739 1 0.192683 -0.2031473
0.3286906 -0.2560422 -0.1322653 1 0.1665241 -0.238004
0.4247234 -0.2538978 -0.001571849 0.9267386 0.1932591 -0.2259145
0.4204586 -0.2311454 0.05617025 0.9485182 0.1960963 -0.2090317
0.3330225 -0.2763871 0.02855805 0.9040743 0.1520448 -0.1927535
0.4355796 -0.2082754 0.02079058 0.9514218 0.1487578 -0.2081783
0.3985257 -0.2768711 -0.01119568 0.9119012 0.1301755 -0.2076524
0.4209502 -0.2805937 0.03336614 0.9929024 0.1718096 -0.2105238
0.3227988 -0.349757 0.08128145 0.8500561 0.1475115 -0.2627618
0.4295883 -0.3418024 0.09003899 0.9041314 0.14535 -0.2219232
0.4303913 -0.3325266 0.0768755 0.98181 0.1785726 -0.2204414
0.344395 -0.3625565 0.01301091 0.8888403 0.1326236 -0.2472845
0.443478 -0.3898886 0.09513462 0.9018641 0.09138915 -0.2418618
0.426686 -0.3609595 0.05713641 0.9214798 0.1171499 -0.2616149
0.4335196 -0.3953562 0.071238 0.9051792 0.1148178 -0.1778541
0.3340439 -0.4096631 0.05481195 0.9011199 0.1138664 -0.2523094
0.4275209 -0.3853357 0.1000851 0.8551973 0.1541818 -0.2104562
0.4614469 -0.3690186 0.07243265 0.9647444 0.1558704 -0.2375361
0.3384205 -0.391816 -0.07028208 0.9783533 0.2080154 -0.2715017
0.499694 -0.348616 0.09569035 0.9809678 0.1916409 -0.2703564
0.5038995 -0.3673942 0.07010022 1 0.1445742 -0.2914292
0.3956497 -0.4554154 -0.0527692 1 0.1757668 -0.2710484
0.508964 -0.3961034 0.1032023 1 0.1489111 -0.2801149
0.5191432 -0.3760378 0.08814905 1 0.1037659 -0.2855371
0.314556 -0.3404357 0.01588492 0.8696947 0.2664806 -0.2247162
0.3127677 -0.3482869 -0.05413781 0.9041135 0.2415693 -0.2521081
0.4677709 -0.333486 0.1557071 0.903226 0.1654972 -0.2911065
0.3930843 -0.4303134 -0.0440771 0.9898907 0.1941202 -0.2448346
0.4877807 -0.4173095 0.1161639 1 0.1113824 -0.254944
0.4035753 -0.5022904 0.001816846 0.9509774 0.06249659 -0.2658289
0.5109823 -0.4179531 0.1746802 0.9816937 0.08653848 -0.2945258
0.4281221 -0.5388047 0.112271 0.958979 0.07581057 -0.2514958
0.511152 -0.466026 0.1487407 0.9544297 0.1081906 -0.2468655
0.6031939 -0.4121969 0.1229321 1 0.138755 -0.3045824
0.4008297 -0.4917515 0.1151366 0.8958924 0.1437936 -0.2490519
0.5223087 -0.4407743 0.1997641 0.9860694 0.1350146 -0.2469614
0.5555855 -0.4436866 0.09439969 0.9925491 0.08358683 -0.2694061
0.3633164 -0.4763509 0.08702115 0.8771849 0.1150463 -0.3050428
0.540503 -0.4150684 0.1965629 0.9454479 0.1243649 -0.2932194
0.5581455 -0.3553918 0.1479455 0.9537583 0.1701782 -0.2519794
0.3381335 -0.4381579 -0.01625071 0.9203602 0.268886 -0.2850919
0.5287033 -0.2888315 0.09247123 1 0.2773638 -0.263473
0.3306498 -0.33773 -0.008591477 0.8153326 0.3855299 -0.236498
0.4960764 -0.2992307 0.112884 0.8879464 0.2500197 -0.2817806
0.3550762 -0.4024566 0.01429165 0.9105027 0.2750542 -0.3218558
0.4628934 -0.391757 0.09098566 0.9284002 0.2597256 -0.2404749
0.4522169 -0.344157 0.0928272 0.8820679 0.2782733 -0.2482748
0.3435101 -0.3991914 0.02554678 0.8581175 0.2586539 -0.2422484
0.4638057 -0.2962694 0.05712549 0.9238502 0.2539096 -0.2583727
0.3147262 -0.3700035 -0.06525996 0.8248419 0.2284195 -0.2631617
0.3850063 -0.3432946 -0.06828354 1 0.2982854 -0.3393543
0.3880489 -0.3375605 -0.03786706 0.9814436 0.264555 -0.2632607
0.3073253 -0.4329457 0.004393923 0.8183613 0.272814 -0.2823618
0.3958112 -0.4441495 -0.00392906 0.9266869 0.1650508 -0.2579926
0.3590066 -0.6620237 0.1862766 0.7628739 0.2111082 -0.2192761
0.3463758 -0.4957152 0.09733811 0.6913425 0.1962798 -0.2176257
0.3947645 -0.5581247 0.1109648 0.8274274 0.1755887 -0.2223735
0.4157323 -0.5051638 0.1542023 0.896188 0.2184045 -0.1672155
0.3590495 -0.7979929 0.2318809 0.6575403 0.28443 -0.1775851
0.3580637 -0.6800939 0.1335934 0.7539407 0.2356862 -0.2217376
0.363511 -0.7443985 0.1572504 0.7164334 0.2416903 -0.250211
0.3634098 -0.7523068 0.139909 0.792352 0.3281836 -0.1772434
0.3492067 -0.8250531 0.2336695 0.7089276 0.3304095 -0.1680183
0.367799 -0.895237 0.2442425 0.787767 0.4390031 -0.1925728
0.3667014 -0.9465048 0.4356601 0.5573807 0.4379218 -0.2666428
0.5310957 -1 0.8659577 0.0376067 0.5178208 -0.3395299
0.5122677 -1 1 -0.32849 0.5795619 -0.3552749
0.5241482 -1 1 -0.6175135 0.5173338 -0.3171518
0.5265281 -1 1 -0.4306293 0.5513484 -0.3099529
0.4953596 -1 1 -0.6709307 0.5241274 -0.3343146
0.5289435 -1 1 -0.7025511 0.5401509 -0.2898651
0.4702048 -1 1 -0.3724755 0.6300358 -0.2451658
0.5163842 -1 1 -0.468995 0.6185479 -0.3248926
0.5115154 -1 1 -0.3897616 0.6265902 -0.2667383
0.5156149 -1 1 -0.412712 0.6230335 -0.2538141
0.5155115 -1 1 -0.3