0.1370966 -0.3300313 0.240915 -0.3042389 0.2281029 -0.0247393
0.2746837 -0.3641079 0.4455119 -0.2567923 0.09882833 0.001044121
0.142083 -0.4164712 0.3657862 -0.4755589 0.09943344 -0.04743329
0.1705335 -0.4455854 0.3878118 -0.4388717 0.1195689 -0.03268861
0.1442535 -0.3473621 0.4179632 -0.6483637 0.08091293 -0.03800297
0.1894246 -0.3727888 0.4296967 -0.4752455 0.0758198 -0.05889446
0.169798 -0.2891932 0.2840173 -0.2955426 0.1368515 -0.02941913
0.1959662 -0.3020396 0.2824006 -0.0470852 0.153042 0.00272193
0.1892672 -0.2634264 0.222096 0.1108784 0.129572 0.0169458
0.1692213 -0.2455452 0.227087 0.145484 0.1399631 0.01969599
0.275603 -0.1497953 0.3164385 0.3746861 0.08108202 -0.01297969
0.1476299 -0.3735436 0.3045362 -0.2969133 0.1212342 0.0396885
0.1339909 -0.2002995 0.2344317 -0.2519636 0.1467365 -0.04836646
0.1600963 -0.1199515 0.1742464 -0.06572126 0.1694979 0.0004048085
0.2086615 -0.2157618 0.2787573 0.1152402 0.1038664 0.02325299
0.1786368 -0.1805533 0.1281757 0.06955449 0.137197 -0.01405778
0.2150799 -0.323573 0.3085008 -0.04220891 0.1044701 0.03090777
0.214509 -0.274914 0.2358698 -0.07546718 0.09567614 0.004756441
0.1269086 -0.3001206 0.1477095 -0.08257358 0.1163404 -0.03095224
0.1285857 -0.05648773 0.1843286 -0.2005969 0.1514595 -0.008594232
0.09847759 -0.1859219 0.2249509 -0.4248222 0.1430473 0.0148393
0.2021042 -0.3496754 0.4759632 -0.5680041 -0.04255388 0.0001892038
0.1786353 -0.4601413 0.4751039 -0.6645765 0.01085491 0.002800174
0.2262638 -0.4414689 0.5069544 -0.5575224 -0.0179574 0.05303263
0.2254453 -0.3838786 0.3816343 -0.1322977 0.02285635 0.1439263
0.1621171 -0.4233571 0.4305795 -0.5437083 0.02207975 0.08848616
0.2433894 -0.4060884 0.3736317 -0.175759 0.03166811 0.0471262
0.1237145 -0.2317548 0.2447446 -0.3968228 0.1189094 -0.0131784
0.1472849 -0.1425717 0.2518851 -0.2726217 0.09825985 -0.01139158
0.2295505 -0.2658272 0.3440871 0.1694601 0.03013667 0.109923
0.1423001 -0.4469707 0.3802341 -0.3970303 0.03569547 0.0437437
0.2255547 -0.4660329 0.4612765 -0.2731304 0.04564487 0.1215818
0.1997886 -0.5731029 0.4068869 -0.2144814 0.002084643 0.1338744
0.2701926 -0.5398078 0.4507692 0.0913466 -0.01622679 0.1473208
0.2337211 -0.4086723 0.375186 -0.06162084 0.06605504 0.1059692
0.1506934 -0.1804203 0.1471204 0.1507342 0.1743658 -0.06086968
0.1562395 -0.4329475 0.2811359 -0.2102888 0.05886407 -0.04405541
0.1766427 -0.277914 0.2566177 -0.1301841 0.1357417 -0.03837981
0.1766008 -0.2308836 0.2574768 -0.04185988 0.1092882 0.02861602
0.1002249 -0.2228087 0.2850974 -0.3048021 0.1583743 0.006534094
0.1895008 -0.2940198 0.2992731 0.07773755 0.1424614 0.04449061
0.2426915 -0.4230181 0.3631902 0.2238052 0.07294293 0.09953105
0.195381 -0.4391095 0.2527154 0.1170435 0.1551264 0.05863922
0.2002242 -0.338492 0.2775368 0.1412845 0.1243749 0.06532849
0.20849 -0.4007548 0.3902217 -0.1263779 0.05373242 0.01362667
0.1577653 -0.4294043 0.3548232 -0.2631441 0.1012661 -0.01192231
0.1849616 -0.4359986 0.3097279 -0.1713816 0.1550089 0.03101647
0.2236815 -0.3436995 0.3313237 0.08544596 0.1235342 0.03557579
0.2505095 -0.3052495 0.3323544 0.2129959 0.1052289 0.02491782
0.1334218 -0.2936651 0.2630772 -0.2879202 0.1235645 -0.02209968
0.1751519 -0.2085334 0.2138345 0.02308187 0.09353581 0.01307804
0.1192749 -0.3909246 0.3900188 -0.5178845 0.1845332 0.02148997
0.2461977 -0.499467 0.5279533 -0.2287051 0.06102487 0.02907009
0.2224125 -0.5544965 0.4203227 -0.1785898 0.1346267 0.01345281
0.1961192 -0.3973582 0.3095641 -0.08414393 0.1859279 -0.03336474
0.1763183 -0.331373 0.3132465 -0.2021255 0.1712881 -0.1177706
0.1572034 -0.1840573 0.3073136 -0.05159885 0.250524 -0.1236016
0.1912193 -0.2577407 0.3224846 -0.1702534 0.264091 -0.1067643
0.2121703 -0.3036353 0.3461758 0.03707471 0.1833538 -0.08039176
0.1706423 -0.1401674 0.2234837 -0.04704837 0.2868243 -0.07760095
0.1948785 -0.2492548 0.4513026 -0.160905 0.2701501 -0.0218805
0.2143033 -0.1991734 0.4285655 0.07745302 0.2420238 -0.1158205
0.2004287 -0.3586989 0.4512597 -0.2580264 0.2181738 -0.1329457
0.2970329 -0.3679905 0.540579 -0.2010434 0.2388359 -0.1319995
0.3769192 -0.3652082 0.5189741 -0.1344536 0.2609556 -0.100179
0.4111198 -0.2875238 0.4675824 -0.06572418 0.3095537 -0.1166106
0.1700086 -0.3611827 0.6006188 -1 0.220584 -0.2780283
0.2954984 -0.3280703 0.8916539 -1 0.2673117 -0.3260391
0.3217441 -0.2637786 0.7469319 -0.8845502 0.3425583 -0.2755422
0.1870756 -0.3604677 0.5161303 -0.899144 0.270562 -0.315628
0.2795447 -0.2717463 0.4601393 -0.618611 0.3220596 -0.2850242
0.4219974 -0.3539007 0.4488251 0.3768827 0.218063 -0.1617615
0.4261303 -0.2924552 0.375689 0.6979275 0.2210206 -0.05950204
0.1557448 -0.4527565 0.2384909 0.134008 0.1948166 -0.1268815
0.3267106 -0.3616139 0.4367285 0.1425131 0.229398 -0.1013909
0.07830545 -0.1769188 0.1501119 0.05714896 0.2729661 -0.1764601
0.2787984 -0.1557123 0.2239891 0.2721119 0.2343684 -0.2347954
0.1831414 -0.380713 0.5121332 -0.7571028 0.2284359 -0.2428705
0.3584942 -0.3231721 0.6989111 -0.6958502 0.2446845 -0.2546199
0.167188 -0.3397042 0.5166195 -0.6309426 0.2270927 -0.3040093
0.2727976 -0.3582221 0.5251153 -0.2932619 0.2585948 -0.2113193
0.2725548 -0.3400697 0.5332876 -0.3678403 0.2624281 -0.2427586
0.1202865 -0.2508827 0.4126258 -0.6053315 0.218823 -0.255808
0.3025679 -0.2033208 0.4762539 -0.5556704 0.2664746 -0.2853285
0.3260643 -0.2587092 0.5498857 -0.5137109 0.2401975 -0.2606276
0.3256786 -0.2327152 0.4723113 -0.2821498 0.2555115 -0.270774
0.1711379 -0.4107283 0.5563747 -1 0.2247291 -0.2418344
0.3327737 -0.3935445 0.6553541 -0.8727658 0.2039203 -0.2817433
0.3235414 -0.3608378 0.5906094 -0.6577566 0.2803833 -0.2371324
0.3144581 -0.3409756 0.6337554 -0.6304757 0.2657071 -0.289169
0.3304535 -0.3129521 0.577217 -0.6239214 0.2865313 -0.3255084
0.2059356 -0.4686345 0.6654596 -0.7721168 0.3074291 -0.312534
0.2071829 -0.4425621 0.7464563 -0.9180139 0.3678495 -0.2614408
0.2880454 -0.4311281 0.7655922 -0.82965 0.3675422 -0.2465977
0.1821036 -0.3562102 0.5907239 -0.8155 0.3815237 -0.2787534
0.2216666 -0.5115418 0.7221809 -0.9347101 0.3009568 -0.2649665
0.3470775 -0.4341196 0.7461905 -0.9462063 0.2041338 -0.196498
0.2006687 -0.506002 0.6923155 -1 0.1978231 -0.3018239
0.3571382 -0.3837324 0.6416531 -0.7728184 0.2176207 -0.2322566
0.1795078 -0.3581149 0.5768278 -1 0.2518644 -0.292241
0.2617512 -0.2276177 0.6169143 -0.7720318 0.2848965 -0.2711933
0.1893629 -0.3232377 0.6259062 -1 0.2234317 -0.2779872
0.1739264 -0.4137224 0.6437433 -1 0.1745397 -0.2142673
0.2932073 -0.414905 0.6671146 -0.93929 0.128773 -0.1966573
0.3111496 -0.3967635 0.578826 -0.7437679 0.1431722 -0.1509489
0.3898923 -0.3807758 0.6027398 -0.50503 0.1414326 -0.2099173
0.1906339 -0.373114 0.6559536 -1 0.1604919 -0.2330025
0.1914102 -0.3416114 0.622481 -1 0.1444363 -0.2392148
0.3557745 -0.2889167 0.6084548 -0.7383996 0.1368412 -0.1969801
0.3708173 -0.2016125 0.4491076 -0.298719 0.1769437 -0.1817531
0.3615702 -0.178115 0.4902563 -0.3472807 0.1261598 -0.1731545
0.3402525 -0.05806715 0.2921973 0.2777795 0.2026084 -0.1364033
0.3690734 -0.01548199 0.2629231 0.348277 0.2080694 -0.1427861
0.1017947 -0.06744985 0.1325881 -0.2738112 0.2798203 -0.2174026
0.3284852 -0.06071557 0.4349932 -0.5522948 0.2095344 -0.1925767
0.2918257 -0.10786 0.3706242 -0.1209272 0.2372349 -0.1563692
0.1438955 -0.2565247 0.2921753 -0.4192355 0.2445091 -0.08634505
0.2874652 -0.228512 0.37277 -0.1083333 0.1610778 -0.1410645
0.1689708 -0.3631742 0.3385651 -0.2755694 0.162487 -0.1326579
0.09496069 -0.1984087 0.133268 -0.2354107 0.2219544 -0.1670788
0.3330248 -0.07550145 0.2869579 0.1938577 0.2243487 -0.2014104
0.3939238 0.01574028 0.2459794 0.4733498 0.2774996 -0.1577293
0.3829926 -0.01786739 0.263725 0.4539398 0.2751516 -0.1218751
0.3683998 -0.00630078 0.1758232 0.6112318 0.3501023 -0.05542089
0.09048395 -0.1509264 0.04586273 0.1137887 0.2859924 -0.06469753
0.3848574 -0.183757 0.3749585 0.1995256 0.2226253 -0.04007345
0.1511603 -0.2323422 0.2497819 -0.3766487 0.1867985 -0.1613775
0.2579184 -0.2691426 0.3904897 -0.1545873 0.1916338 -0.1127158
0.1815749 -0.3666834 0.3318954 -0.1700433 0.1677978 -0.09007163
0.2026764 -0.2809026 0.2652718 0.005024318 0.2071554 -0.08069239
0.1937895 -0.215212 0.2539725 -0.03622271 0.217435 -0.113698
0.1574891 -0.1246967 0.2285326 -0.1781653 0.2124636 -0.1295322
0.2273794 -0.1249232 0.2016379 0.09999929 0.202696 -0.1040807
0.1212343 -0.1962231 0.2133956 -0.2679893 0.2351209 -0.1128393
0.326949 -0.127868 0.357514 0.08887984 0.2290505 -0.09320986
0.2953535 -0.1013465 0.2690803 0.4277512 0.3027804 -0.07629261
0.1477956 -0.2481514 0.1948142 -0.008360264 0.2707224 -0.1231377
0.156155 -0.2551864 0.1845551 0.02859346 0.2864842 -0.09040608
0.348572 -0.2440957 0.3428502 0.3691616 0.2753246 -0.08192341
0.1838191 -0.3829428 0.2990398 -0.1086405 0.2932234 -0.1066093
0.3851779 -0.3061425 0.470191 -0.009144381 0.2309618 -0.08492751
0.3698921 -0.2300307 0.438661 0.0571062 0.2059375 -0.1819861
0.1044329 -0.1486371 0.3326362 -0.4640618 0.1786946 -0.1044185
0.35991 -0.09266981 0.4637428 -0.4864004 0.1666882 -0.1746208
0.2935298 -0.01491237 0.3940243 -0.6463606 0.2042378 -0.2078769
0.306993 0.01148625 0.3859246 -0.2945464 0.267995 -0.1581838
0.1492413 -0.1692342 0.380358 -0.9589958 0.3856419 -0.1973854
0.2708195 -0.1814845 0.4139394 -0.7675759 0.3915503 -0.2721065
0.2391073 -0.5746352 0.6272892 -0.8938766 0.3789122 -0.1891033
0.5175588 -0.5845267 1 -0.7750782 0.3670962 -0.2854019
0.3357736 -0.5758789 0.9888976 -0.7624716 0.3444914 -0.3479964
0.3745824 -0.5630988 0.8053573 -0.5702629 0.3771773 -0.329162
0.4171103 -0.5960974 0.8055136 -0.5569156 0.3982909 -0.2774925
0.2761217 -0.6567124 0.7418835 -0.871011 0.4123751 -0.3156291
0.2707364 -0.678334 0.8119061 -1 0.3694153 -0.3315102
0.4276752 -0.6470689 0.8584432 -0.8189458 0.3298282 -0.2848607
0.4266746 -0.6022687 0.7920409 -0.7546778 0.358012 -0.3155483
0.4788934 -0.5063938 0.8799937 -0.949562 0.3081188 -0.3243033
0.3976682 -0.4650219 0.6576913 -0.5842855 0.3729067 -0.2714556
0.369219 -0.4364014 0.6921614 -0.54603 0.327429 -0.2410758
0.3687018 -0.4983982 0.7081328 -0.819032 0.3219608 -0.3184759
0.2599056 -0.6222016 0.7314801 -0.8898987 0.3113087 -0.3379476
0.373668 -0.5098947 0.792479 -0.9458363 0.3068934 -0.362068
0.3849653 -0.4915473 0.7180459 -0.7805472 0.3671638 -0.3243005
0.4415967 -0.4956353 0.8425991 -0.967654 0.3714459 -0.3230167
0.3629056 -0.4256766 0.6414521 -0.6553959 0.4008557 -0.3098278
0.3424934 -0.3203745 0.5722345 -0.4348946 0.3862067 -0.3220097
0.3673037 -0.4459001 0.6994349 -0.8281251 0.3440603 -0.3274152
0.2766162 -0.4247085 0.6232988 -0.5709954 0.3818997 -0.2714305
0.1848921 -0.4521971 0.5417144 -0.6681704 0.3649453 -0.3165031
0.2994673 -0.2691512 0.5526075 -0.4181843 0.3225525 -0.1657946
0.4090151 -0.2770543 0.6406413 -0.1905529 0.3751258 -0.1629077
0.4248991 -0.2288684 0.6151457 -0.3037396 0.3761951 -0.149187
0.3779841 -0.2155652 0.5350367 -0.2336691 0.3339339 -0.05292924
0.3745076 -0.2699971 0.5859779 -0.2026508 0.3900622 -0.06718381
0.2241314 -0.4820289 0.7435164 -1 0.2569695 -0.2198007
0.3412719 -0.4399397 0.7930563 -0.882595 0.2994614 -0.2389297
0.3654149 -0.43581 0.7553447 -0.9870332 0.3486138 -0.2583964
0.2489832 -0.5649224 0.7995236 -1 0.2808318 -0.2838434
0.325754 -0.396354 0.6465316 -0.7589374 0.3584441 -0.2756551
0.344646 -0.3592427 0.6244069 -0.7347592 0.2638417 -0.1915095
0.3235896 -0.3834186 0.6262571 -0.7297803 0.220186 -0.1927194
0.318926 -0.25989 0.5159085 -0.5843127 0.2877971 -0.196953
0.2197028 -0.3920245 0.5297167 -0.8400702 0.2644887 -0.1718371
0.35779 -0.1912521 0.3035054 0.255518 0.2738785 -0.05202577
0.1478062 -0.2161302 0.1121158 0.4613502 0.2017719 -0.03862419
0.3873954 -0.1469016 0.2229394 0.6234825 0.148194 0.02133438
0.492194 -0.1238779 0.3167706 0.7293885 0.1114288 0.03813991
0.4516349 -0.06397545 0.3708452 0.5301417 0.03287954 0.03348347
0.4108199 -0.1142873 0.2940537 0.4045338 0.006932688 0.05117943
0.4020161 -0.1236 0.2814973 0.3616969 -0.001880804 0.046144
0.4065739 -0.07960075 0.2482194 0.4876445 0.03231321 0.05258691
0.4406205 -0.1481652 0.2708133 0.7081184 -0.03210795 0.03737899
0.4303094 -0.1187386 0.2572724 0.6795931 0.02727103 0.06224496
0.4909946 -0.04546935 0.3318131 0.727