0.211476 -0.3051955 0.3085885 0.1687457 0.039756 0.01442609
0.1665324 -0.3338625 0.3026256 -0.192095 0.06992688 -0.04188345
0.207613 -0.2435375 0.2056305 0.1255884 0.06657054 -0.04640668
0.190417 -0.1348107 0.216308 -0.01285205 0.1319645 -0.01588327
0.2145884 -0.1525321 0.2558331 0.0846739 0.06664118 -0.01225568
0.1830886 -0.3262301 0.3363487 -0.1590172 0.03316175 0.008105367
0.2203971 -0.1556715 0.1835097 0.2338784 0.09231607 0.03435512
0.1022169 -0.1105624 0.1860497 -0.224585 0.1041105 -0.05577566
0.1855329 -0.1685106 0.2840123 -0.1280426 0.07642019 0.01617025
0.1445743 -0.1986953 0.289759 -0.2894062 0.1118145 -0.02459208
0.1758723 -0.1132696 0.2310557 -0.1890769 0.08004753 -0.0352336
0.1487417 -0.01747113 0.2098034 -0.1161619 0.131239 -0.01753557
0.1039045 -0.1271184 0.1694359 -0.1784133 0.1669522 -0.02042756
0.1537911 -0.06944074 0.2374458 -0.3685867 0.1351693 -0.05872811
0.1676873 -0.1060375 0.2380441 -0.1341847 0.1595353 -0.07347563
0.1909681 -0.125024 0.2711247 -0.1932721 0.1404781 -0.03810871
0.2102619 -0.08832686 0.2571143 0.02146484 0.1626002 -0.06324872
0.1458536 -0.1366264 0.2386934 -0.2134117 0.2308542 -0.04975565
0.1683935 -0.05187633 0.1814138 0.0360679 0.2859939 -0.07932306
0.1918128 -0.104247 0.2111153 0.03471399 0.250832 -0.09294941
0.2070902 -0.1184372 0.2038869 0.1311033 0.2457709 -0.07173117
0.1949045 -0.1187969 0.2787606 -0.03867044 0.2744465 -0.07316188
0.2207989 -0.1271015 0.2812711 0.09839416 0.2402895 -0.07526593
0.1417353 -0.2344588 0.3507886 -0.3596266 0.2154476 -0.0709667
0.1935246 -0.1592608 0.3347772 -0.3564224 0.2463383 -0.1181244
0.1838398 -0.2301694 0.381527 -0.3918626 0.2590016 -0.09187213
0.2387406 -0.1813518 0.291583 -0.04687449 0.2740481 -0.07977442
0.2802318 -0.1496568 0.3021479 0.100991 0.2905507 -0.04923834
0.3125319 -0.1777832 0.3216075 0.2577834 0.2297334 -0.05734463
0.2302658 -0.2532247 0.2774887 0.2987398 0.3058693 -0.05597494
0.3011676 -0.1510208 0.200737 0.559895 0.2795867 -0.01675013
0.291178 -0.1351143 0.252549 0.4881212 0.2412874 -0.04155071
0.3356062 -0.1324487 0.1672263 0.6920405 0.2420545 -0.0234447
0.3269374 -0.122401 0.1682502 0.6190127 0.2420259 -0.03517695
0.3055465 -0.08290336 0.1211626 0.6935401 0.2320992 -0.008403132
0.3535585 -0.1608945 0.2645383 0.4811814 0.1997753 -0.03467629
0.3280061 -0.1191904 0.2833895 0.517363 0.1417084 -0.04327933
0.3291167 -0.06982958 0.1998142 0.5807177 0.1860751 0.006682704
0.07471593 -0.02305459 -0.002273865 -0.04551344 0.2669154 0.06253079
0.3569983 -0.1608446 0.3673802 0.2327143 0.1998062 0.1130435
0.3617601 -0.31829 0.5197142 -0.08268421 0.1767492 0.09521294
0.3861667 -0.2730221 0.3792831 0.2784079 0.2334373 0.147157
0.4000002 -0.1966646 0.4519431 0.1261086 0.2182069 0.1276276
0.400009 -0.1624872 0.3801072 0.3442439 0.1946756 0.1197921
0.4011961 -0.1609707 0.3866779 0.2591409 0.1813383 0.08833626
0.4230625 -0.1821465 0.3785099 0.6320187 0.124551 0.1064201
0.4171346 -0.1848285 0.3715174 0.5954612 0.1851099 0.08284657
0.4443685 -0.2166957 0.3845739 0.431065 0.195358 0.09617113
0.4165936 -0.1574423 0.3250271 0.4347318 0.2405533 0.07124408
0.4005611 -0.1386579 0.3449474 0.4475088 0.2327401 0.05004588
0.4013098 -0.09779413 0.2610515 0.6036432 0.2091603 0.021121
0.3961263 -0.03091635 0.2838699 0.5717701 0.2048996 -0.04204515
0.3669214 0.09360588 0.2046998 0.5597982 0.2744653 -0.06550793
0.06306742 -0.06434324 -0.09270259 0.1518321 0.3002451 -0.05745209
0.357623 -0.01477098 0.2147021 0.3753371 0.2904607 -0.05255198
0.3782167 0.006474216 0.2346072 0.4931699 0.2291753 -0.03876341
0.2049523 -0.4491448 0.4435019 -0.4332109 0.2621604 -0.1070204
0.3064091 -0.5530684 0.5628253 -0.06994533 0.2443618 -0.054892
0.3182547 -0.440402 0.4710048 0.09094789 0.2562094 -0.08450967
0.4280897 -0.4773252 0.7395431 -0.1706539 0.2033822 -0.06426403
0.3851687 -0.4974559 0.7152014 -0.1321675 0.1905023 -0.03274735
0.4426667 -0.4618416 0.5794452 0.04138194 0.2255368 -0.01378241
0.4273424 -0.4255605 0.5329628 0.05572153 0.2729449 -0.02304206
0.4126379 -0.4833856 0.578309 0.004443208 0.2638506 -0.0402059
0.3962909 -0.5100245 0.6205578 -0.06259655 0.1699968 -0.05968766
0.3665079 -0.5797008 0.6908711 -0.1326285 0.1847325 -0.01138126
0.3617315 -0.5327256 0.5760212 0.03909092 0.2051084 0.02594551
0.3394592 -0.5411422 0.5480953 0.03905647 0.1698628 0.01924062
0.340497 -0.5172747 0.4837941 0.06974345 0.1529155 0.03440024
0.3733145 -0.2857105 0.3285657 0.2986172 0.1493403 -5.243486E-05
0.3727707 -0.252725 0.3028491 0.266947 0.2024491 0.05541487
0.3352667 -0.2337838 0.3393856 0.1024072 0.168039 0.02619585
0.3318357 -0.1679691 0.2419717 0.3484432 0.2315791 0.004755903
0.3439101 -0.1421027 0.1651648 0.4288737 0.2557173 -0.01640545
0.3506334 -0.07142904 0.1645909 0.4597374 0.1982743 -0.03563234
0.3900946 -0.0777448 0.265894 0.5037165 0.1896765 -0.03959354
0.4132433 -0.0869738 0.3148819 0.5092027 0.1741877 0.02460806
0.4298456 -0.08978258 0.3279166 0.5850796 0.2102306 -0.02111973
0.4373524 -0.1532883 0.3709711 0.5919934 0.1792896 -0.03900718
0.4174708 -0.1386977 0.4117171 0.4403331 0.1670486 -0.04138662
0.4332596 -0.1061603 0.3552672 0.3990823 0.2256761 -0.02915212
0.4523387 -0.01972247 0.2631136 0.6200845 0.2504906 -0.05128312
0.4577969 0.01872589 0.2942905 0.5146074 0.2817142 -0.06083012
0.4756997 -0.01065045 0.3405713 0.6594585 0.1944529 -4.765461E-05
0.4580397 -0.04239916 0.3475979 0.6053066 0.210103 -0.03272855
0.4550888 -0.08232684 0.2848827 0.5649586 0.2110546 -0.02144236
0.4577086 -0.1069079 0.3430435 0.5805804 0.1765587 -0.004850026
0.4015777 -0.183854 0.2762281 0.5760603 0.2550052 0.006566722
0.2479869 -0.3566819 0.2804165 0.2943724 0.2416846 -0.001683888
0.2788911 -0.2365911 0.3115432 0.2549722 0.286677 0.01925939
0.3186084 -0.2076944 0.2896015 0.2852887 0.2570437 -0.01919593
0.3762517 -0.2325624 0.3726733 0.4151371 0.1799499 0.01082856
0.4248647 -0.2135529 0.3965487 0.4002588 0.1887273 0.01324375
0.4380801 -0.1867748 0.4056601 0.3870407 0.2005433 -0.002494756
0.4595579 -0.1434571 0.3325289 0.4709027 0.2728444 0.04173679
0.4398464 -0.1263134 0.3469821 0.5211837 0.2638786 -0.04012137
0.4992195 -0.1223609 0.4115129 0.5383876 0.2045006 -0.008683097
0.518957 -0.1179367 0.3684286 0.6332334 0.1802112 -0.06546517
0.5319186 -0.1893152 0.426104 0.6946315 0.2029818 0.01279787
0.5144878 -0.2136841 0.400975 0.615007 0.2170281 0.01567582
0.5015634 -0.1492452 0.3492883 0.5512366 0.2432301 0.001008198
0.5344052 -0.1000516 0.3516519 0.6323205 0.3108834 0.009534631
0.5449086 -0.0735328 0.45491 0.4689282 0.2484859 -0.04749275
0.5243691 -0.09067786 0.4504326 0.381496 0.2649595 -0.02204011
0.5396643 -0.0667442 0.4523212 0.4136438 0.2498429 -0.03320517
0.5878096 -0.09869371 0.5181215 0.5006089 0.1668626 -0.02230124
0.524994 -0.1249633 0.4447174 0.4898932 0.1851901 -0.02628305
0.4270707 0.009053508 0.3584428 0.3053644 0.215852 -0.03805944
0.3821725 -0.1262373 0.3437001 0.4585349 0.2858657 0.2257939
0.3389024 -0.2402267 0.3347377 0.4587342 0.2759118 0.1911705
0.2981125 -0.3507623 0.3560973 0.2421368 0.2221851 0.1818599
0.2399189 -0.4858626 0.4325215 -0.08082332 0.2341387 0.1291263
0.3080553 -0.4676708 0.4541903 0.07192822 0.2088912 0.1492243
0.1930907 -0.3691391 0.2748299 -0.1186745 0.2990002 0.1074784
0.2406578 -0.2918368 0.2901493 -0.121891 0.2706387 0.06823142
0.2297796 -0.450024 0.3587876 -0.1968721 0.195374 0.1059601
0.2742847 -0.3158135 0.3314947 -0.01274823 0.165084 0.0983411
0.2379457 -0.4536884 0.3702506 -0.1580388 0.1509357 0.07943632
0.2426809 -0.2596637 0.3078478 -0.06019197 0.1441755 0.07506929
0.2159104 -0.3421001 0.3304063 -0.153776 0.1737418 0.06559269
0.3032524 -0.3956972 0.3922471 0.03075849 0.1234686 0.07484581
0.2429154 -0.1811753 0.2171456 0.1512429 0.1966711 0.0616265
0.1783459 -0.2141338 0.2322849 -0.1863369 0.1383662 -0.02961867
0.2241115 -0.1432763 0.2523337 0.01501277 0.1965339 0.03355881
0.1776335 -0.1741127 0.2374948 -0.1649297 0.2486049 0.03438819
0.1883547 -0.1183383 0.2364601 -0.075693 0.1531401 -0.03177765
0.1927501 -0.03241784 0.1639676 -0.05291024 0.2334402 0.04406267
0.2188175 -0.07306571 0.2060724 0.08779948 0.1602214 0.07322956
0.2405988 -0.1